
# 原图 与 +水印图的 差值:
C:\Users\Tinkle_GW\venv\Scripts\python.exe C:/Users/Tinkle_GW/Desktop/wm_rsh/get_clk_local.py
(800, 800, 3) (800, 800, 3) (800, 800)
(51, 25, 3)
第 0 个通道 R
0 0 0 0 0 0 0 0 0 0 0 0 0 2 0 4 0 5 11 5 8 10 7 4 4
0 0 0 0 0 0 0 0 0 0 0 0 0 1 0 8 15 22 22 18 21 27 20 8 0
0 0 0 0 0 0 0 0 0 0 0 0 1 5 0 10 18 22 18 14 13 21 17 5 0
0 0 0 0 0 0 0 0 0 0 0 0 1 5 0 8 17 18 14 14 13 18 13 5 1
0 0 0 0 0 0 0 0 0 0 0 0 0 2 0 8 15 17 16 20 22 25 16 10 3
0 0 0 0 0 0 0 0 0 0 0 0 0 3 0 7 10 14 14 17 18 20 13 5 1
0 0 0 0 0 0 0 0 0 0 0 0 0 6 1 10 14 17 20 20 16 20 14 5 1
0 0 0 0 0 0 0 0 0 0 0 0 0 3 0 9 14 18 19 16 16 20 15 7 1
0 0 0 0 0 0 0 0 0 0 0 0 0 3 0 9 14 18 19 16 16 20 15 7 1
0 0 0 0 0 0 0 0 0 0 0 0 0 3 0 9 14 18 19 16 16 20 15 7 1
0 0 0 0 0 0 0 0 0 0 0 0 0 3 0 9 14 18 19 16 16 20 15 7 1
0 0 0 0 0 0 0 0 0 0 0 0 0 3 0 9 14 18 19 16 16 20 15 7 1
0 0 0 0 0 0 0 0 0 0 0 0 0 3 0 9 14 18 19 16 16 20 15 7 1
0 0 0 0 0 0 0 0 0 0 0 0 0 3 0 9 14 18 19 16 16 20 15 7 1
0 0 0 0 0 0 0 0 0 0 0 0 0 3 0 9 14 18 19 16 16 20 15 7 1
0 0 0 0 0 0 0 0 0 0 0 0 0 3 0 9 14 18 19 16 17 20 15 7 1
0 0 0 0 0 0 0 0 0 0 0 0 0 3 0 9 14 18 19 16 17 20 15 7 1
0 0 0 0 0 0 0 0 0 0 0 0 0 3 0 9 14 18 19 16 17 20 15 7 1
0 0 0 0 0 0 0 0 0 0 0 0 0 3 0 9 14 18 19 16 17 20 15 7 1
0 0 0 0 0 0 0 0 0 0 0 0 0 3 0 9 14 18 19 16 17 20 15 7 1
0 0 0 0 0 0 0 0 0 0 0 0 0 3 0 9 14 18 19 16 17 20 15 7 1
0 0 0 0 0 0 0 0 0 0 0 0 0 3 0 9 14 18 19 16 17 20 15 7 1
0 0 0 0 0 0 0 0 0 0 0 0 0 3 0 9 14 18 19 16 17 20 15 7 1
0 0 0 0 0 0 0 0 0 0 0 0 0 3 0 9 14 18 19 16 16 20 15 7 1
0 0 0 0 0 0 0 0 0 0 0 0 0 3 0 9 14 18 19 16 16 20 15 7 1
0 0 0 0 0 0 0 0 0 0 0 0 0 3 0 9 14 18 19 16 16 20 15 7 1
0 0 0 0 0 0 0 0 0 0 0 0 0 3 0 9 14 18 19 16 16 20 15 7 1
0 0 0 0 0 0 0 0 0 0 0 0 0 3 0 9 14 18 19 16 16 20 15 7 1
0 0 0 0 0 0 0 0 0 0 0 0 0 3 0 9 14 18 19 16 16 20 15 7 1
0 0 0 0 0 0 0 0 0 0 0 0 0 3 0 9 14 18 19 16 16 20 15 7 1
0 0 0 0 0 0 0 0 0 0 0 0 0 3 0 9 14 18 19 16 16 20 15 7 1
0 0 0 0 0 0 0 0 0 0 0 0 6 0 0 12 19 15 16 13 18 26 16 8 0
0 0 0 0 0 0 0 0 0 0 0 0 1 0 0 12 19 14 18 16 17 24 15 10 0
0 0 0 0 0 0 0 0 0 0 0 0 0 2 1 13 15 15 23 18 16 22 16 9 0
0 0 0 0 0 0 0 0 0 0 0 0 0 8 1 14 11 17 21 17 13 20 20 5 0
0 0 0 0 0 0 0 0 0 0 0 0 0 8 0 18 11 17 16 15 12 20 22 1 0
0 0 0 0 0 0 0 0 0 0 0 0 0 4 0 18 15 14 11 17 15 22 19 0 0
0 0 0 0 0 0 0 0 0 0 0 0 0 1 7 16 19 16 13 17 16 22 10 1 0
0 0 0 0 0 0 0 0 0 0 0 0 0 8 23 13 20 19 20 15 19 20 2 3 0
0 11 0 9 0 0 0 2 1 0 0 0 0 19 20 15 21 19 16 16 10 25 0 2 1
1 7 0 0 1 4 5 1 0 0 7 18 25 22 15 16 17 19 21 18 22 11 0 1 1
0 3 0 2 8 4 4 8 13 18 20 24 21 22 16 14 16 17 16 13 24 0 0 3 2
0 4 19 28 17 16 16 17 17 16 15 15 13 17 17 20 19 14 14 18 9 0 2 3 0
0 0 11 16 15 18 20 19 17 16 15 18 15 17 18 16 8 16 23 8 0 0 6 1 0
1 0 15 17 28 21 13 10 11 13 16 17 16 20 21 15 11 13 12 0 0 3 1 1 1
1 0 13 15 5 10 15 20 21 20 14 13 20 19 15 22 22 3 0 1 0 0 1 0 2
2 0 14 21 20 20 20 19 18 19 18 18 19 18 11 4 0 6 6 0 0 0 3 0 0
0 0 22 19 18 19 16 15 18 19 17 14 19 6 0 0 2 3 1 0 0 0 0 0 0
2 0 18 14 12 11 9 5 5 4 1 0 0 0 0 0 3 1 0 1 0 0 0 0 0
5 1 0 0 3 3 2 0 1 1 0 0 1 1 2 3 2 0 0 0 0 0 0 0 0
3 4 1 0 3 4 2 1 1 1 3 3 7 5 1 0 0 0 1 0 0 0 0 0 0

第 1 个通道 G
0 0 0 0 0 0 0 0 0 0 0 0 1 2 2 13 35 29 33 32 33 28 33 14 0
0 0 0 0 0 0 0 0 0 0 0 0 1 1 4 26 66 66 68 69 70 67 66 32 1
0 0 0 0 0 0 0 0 0 0 0 0 0 0 0 26 73 72 70 73 72 73 74 35 1
0 0 0 0 0 0 0 0 0 0 0 0 0 0 0 24 72 70 66 69 69 68 70 35 1
0 0 0 0 0 0 0 0 0 0 0 0 2 1 1 27 75 74 71 75 74 71 71 36 1
0 0 0 0 0 0 0 0 0 0 0 0 2 1 0 25 72 71 69 70 70 69 70 34 0
0 0 0 0 0 0 0 0 0 0 0 0 0 0 0 24 71 72 70 69 71 72 74 35 0
0 0 0 0 0 0 0 0 0 0 0 0 0 0 1 27 71 70 69 71 71 68 72 36 0
0 0 0 0 0 0 0 0 0 0 0 0 0 0 1 27 71 70 69 71 71 68 72 36 0
0 0 0 0 0 0 0 0 0 0 0 0 0 0 1 27 71 70 69 71 71 68 72 36 0
0 0 0 0 0 0 0 0 0 0 0 0 0 0 1 27 71 70 69 71 71 68 72 36 0
0 0 0 0 0 0 0 0 0 0 0 0 0 0 1 27 71 70 69 71 71 68 72 36 0
0 0 0 0 0 0 0 0 0 0 0 0 0 0 1 27 71 70 69 71 71 68 72 36 0
0 0 0 0 0 0 0 0 0 0 0 0 0 0 1 27 71 70 69 71 71 68 72 36 0
0 0 0 0 0 0 0 0 0 0 0 0 0 0 1 27 71 70 69 71 71 68 72 36 0
0 0 0 0 0 0 0 0 0 0 0 0 0 0 1 27 71 70 69 71 72 68 72 36 0
0 0 0 0 0 0 0 0 0 0 0 0 0 0 1 27 71 70 69 71 72 68 72 36 0
0 0 0 0 0 0 0 0 0 0 0 0 0 0 1 27 71 70 69 71 72 68 72 36 0
0 0 0 0 0 0 0 0 0 0 0 0 0 0 1 27 71 70 69 71 72 68 72 36 0
0 0 0 0 0 0 0 0 0 0 0 0 0 0 1 27 71 70 69 71 72 68 72 36 0
0 0 0 0 0 0 0 0 0 0 0 0 0 0 1 27 71 70 69 71 72 68 72 36 0
0 0 0 0 0 0 0 0 0 0 0 0 0 0 1 27 71 70 69 71 72 68 72 36 0
0 0 0 0 0 0 0 0 0 0 0 0 0 0 1 27 71 70 69 71 72 68 72 36 0
0 0 0 0 0 0 0 0 0 0 0 0 0 0 1 27 71 70 69 71 71 68 72 36 0
0 0 0 0 0 0 0 0 0 0 0 0 0 0 1 27 71 70 69 71 71 68 72 36 0
0 0 0 0 0 0 0 0 0 0 0 0 0 0 1 27 71 70 69 71 71 68 72 36 0
0 0 0 0 0 0 0 0 0 0 0 0 0 0 1 27 71 70 69 71 71 68 72 36 0
0 0 0 0 0 0 0 0 0 0 0 0 0 0 1 27 71 70 69 71 71 68 72 36 0
0 0 0 0 0 0 0 0 0 0 0 0 0 0 1 27 71 70 69 71 71 68 72 36 0
0 0 0 0 0 0 0 0 0 0 0 0 0 0 1 27 71 70 69 71 71 68 72 36 0
0 0 0 0 0 0 0 0 0 0 0 0 0 0 1 27 71 70 69 71 71 68 72 36 0
0 0 0 0 0 0 0 0 0 0 0 0 0 1 1 27 68 74 71 72 70 68 73 32 0
0 0 0 0 0 0 0 0 0 0 0 0 0 2 0 32 70 71 68 71 72 68 72 31 0
0 0 0 0 0 0 0 0 0 0 0 0 2 0 0 37 71 70 69 68 73 68 71 29 1
0 0 0 0 0 0 0 0 0 0 0 0 3 0 0 46 71 74 70 69 72 69 73 21 1
0 0 0 0 0 0 0 0 0 0 0 0 1 0 0 57 72 74 68 72 71 70 71 11 2
0 0 0 0 0 0 0 0 0 0 0 0 0 0 13 67 72 71 68 74 71 72 64 4 3
0 0 0 0 0 0 0 0 0 0 0 0 0 6 42 71 71 68 72 72 71 71 49 0 3
0 0 0 0 0 0 0 0 0 0 0 0 0 22 70 74 68 67 77 66 71 69 38 0 1
0 0 2 0 2 1 1 1 0 0 1 4 42 68 70 65 71 71 68 71 72 65 9 0 0
1 0 5 0 0 0 0 0 1 13 38 58 65 68 70 72 72 71 73 70 75 43 3 0 0
0 0 24 22 23 25 34 47 58 64 69 70 65 72 72 70 71 69 71 70 59 16 1 0 2
1 5 59 67 74 71 71 72 72 71 70 70 70 72 69 72 74 71 69 70 28 3 2 0 0
0 1 58 66 65 68 70 71 69 68 70 73 76 69 68 71 71 76 68 38 3 1 2 0 0
1 3 64 72 73 70 68 69 72 72 71 67 68 70 71 75 73 63 37 0 0 1 0 0 1
0 0 60 70 72 73 72 70 71 72 73 74 69 69 68 69 57 23 2 0 0 0 0 0 2
1 0 59 73 70 70 70 69 68 69 70 70 71 73 60 34 3 0 2 2 1 0 3 0 0
0 4 58 72 70 71 71 70 71 70 66 61 40 22 6 0 0 0 0 0 0 0 0 0 0
0 2 40 50 53 50 45 35 26 18 9 1 4 2 0 0 1 0 0 1 0 0 0 0 0
1 0 5 6 0 1 2 1 2 3 2 0 0 0 0 1 0 0 0 1 0 0 0 0 0
0 0 0 0 0 0 1 0 0 0 0 0 1 1 0 0 0 1 1 0 0 0 0 0 0


第 2 个通道 B
0 0 0 0 0 0 0 0 0 0 0 0 2 2 1 12 29 29 31 27 30 28 30 15 0
0 0 0 0 0 0 0 0 0 0 0 0 2 3 3 26 59 65 65 62 66 66 63 32 5
0 0 0 0 0 0 0 0 0 0 0 0 0 1 2 26 67 71 68 67 68 71 68 35 4
0 0 0 0 0 0 0 0 0 0 0 0 0 0 0 24 66 68 64 64 66 67 64 33 3
0 0 0 0 0 0 0 0 0 0 0 0 0 0 0 25 65 68 66 69 70 69 65 35 2
0 0 0 0 0 0 0 0 0 0 0 0 0 2 2 25 61 65 64 64 66 66 63 32 2
0 0 0 0 0 0 0 0 0 0 0 0 2 2 4 27 64 67 67 65 66 68 66 33 4
0 0 0 0 0 0 0 0 0 0 0 0 0 0 2 27 64 68 68 66 68 68 65 34 2
0 0 0 0 0 0 0 0 0 0 0 0 0 0 2 27 64 68 68 66 68 68 65 34 2
0 0 0 0 0 0 0 0 0 0 0 0 0 0 2 27 64 68 68 66 68 68 65 34 2
0 0 0 0 0 0 0 0 0 0 0 0 0 0 2 27 64 68 68 66 68 68 65 34 2
0 0 0 0 0 0 0 0 0 0 0 0 0 0 2 27 64 68 68 66 68 68 65 34 2
0 0 0 0 0 0 0 0 0 0 0 0 0 0 2 27 64 68 68 66 68 68 65 34 2
0 0 0 0 0 0 0 0 0 0 0 0 0 0 2 27 64 68 68 66 68 68 65 34 2
0 0 0 0 0 0 0 0 0 0 0 0 0 0 2 27 64 68 68 66 68 68 65 34 2
0 0 0 0 0 0 0 0 0 0 0 0 0 0 2 27 64 68 68 66 69 68 65 34 2
0 0 0 0 0 0 0 0 0 0 0 0 0 0 2 27 64 68 68 66 69 68 65 34 2
0 0 0 0 0 0 0 0 0 0 0 0 0 0 2 27 64 68 68 66 69 68 65 34 2
0 0 0 0 0 0 0 0 0 0 0 0 0 0 2 27 64 68 68 66 69 68 65 34 2
0 0 0 0 0 0 0 0 0 0 0 0 0 0 2 27 64 68 68 66 69 68 65 34 2
0 0 0 0 0 0 0 0 0 0 0 0 0 0 2 27 64 68 68 66 69 68 65 34 2
0 0 0 0 0 0 0 0 0 0 0 0 0 0 2 27 64 68 68 66 69 68 65 34 2
0 0 0 0 0 0 0 0 0 0 0 0 0 0 2 27 64 68 68 66 69 68 65 34 2
0 0 0 0 0 0 0 0 0 0 0 0 0 0 2 27 64 68 68 66 68 68 65 34 2
0 0 0 0 0 0 0 0 0 0 0 0 0 0 2 27 64 68 68 66 68 68 65 34 2
0 0 0 0 0 0 0 0 0 0 0 0 0 0 2 27 64 68 68 66 68 68 65 34 2
0 0 0 0 0 0 0 0 0 0 0 0 0 0 2 27 64 68 68 66 68 68 65 34 2
0 0 0 0 0 0 0 0 0 0 0 0 0 0 2 27 64 68 68 66 68 68 65 34 2
0 0 0 0 0 0 0 0 0 0 0 0 0 0 2 27 64 68 68 66 68 68 65 34 2
0 0 0 0 0 0 0 0 0 0 0 0 0 0 2 27 64 68 68 66 68 68 65 34 2
0 0 0 0 0 0 0 0 0 0 0 0 0 0 2 27 64 68 68 66 68 68 65 34 2
0 0 0 0 0 0 0 0 0 0 0 0 0 2 4 30 62 68 66 68 66 67 66 32 2
0 0 0 0 0 0 0 0 0 0 0 0 0 1 4 33 63 65 65 68 67 67 65 32 2
0 0 0 0 0 0 0 0 0 0 0 0 0 1 4 37 62 65 67 67 67 66 65 28 0
0 0 0 0 0 0 0 0 0 0 0 0 0 2 4 43 63 68 67 67 66 66 67 21 0
0 0 0 0 0 0 0 0 0 0 0 0 0 1 4 52 64 68 64 66 67 67 65 13 1
0 0 0 0 0 0 0 0 0 0 0 0 0 2 13 61 66 65 62 68 68 69 59 7 0
0 0 0 0 0 0 0 0 0 0 0 0 2 9 38 65 67 66 66 67 68 68 46 4 0
0 0 0 0 0 0 0 0 0 0 0 0 4 23 64 67 68 67 71 61 69 66 36 4 0
0 0 0 3 0 0 0 0 0 0 0 5 39 64 67 62 68 67 64 65 67 64 11 1 0
0 0 0 4 2 3 3 4 4 13 33 50 64 66 65 69 69 67 69 66 69 42 4 0 0
0 0 19 23 26 26 34 44 55 61 65 67 64 69 69 67 68 67 66 64 55 15 2 0 0
0 7 51 66 67 65 66 67 67 68 67 67 64 67 67 70 71 65 64 66 26 2 2 0 0
0 2 50 63 62 65 67 67 65 66 67 70 69 65 65 66 63 68 63 38 3 0 3 0 0
0 4 58 69 70 67 63 63 65 66 66 64 64 67 68 67 62 54 34 5 0 2 0 0 1
0 2 54 67 63 65 66 67 68 68 67 67 66 66 62 63 53 21 2 0 0 0 0 0 2
0 0 52 69 67 67 67 66 65 66 66 66 67 68 56 34 8 2 1 0 0 0 3 0 0
2 4 54 64 68 67 66 65 65 65 62 55 35 19 5 2 1 0 0 0 0 0 0 0 0
1 5 38 46 49 47 41 33 27 19 12 6 3 2 2 0 2 0 0 0 0 0 0 0 0
2 2 5 6 4 4 4 3 4 2 1 0 2 2 3 2 1 0 0 0 0 0 0 0 0
0 0 0 2 0 1 0 0 0 0 0 0 5 2 0 0 0 0 1 0 0 0 0 0 0

Process finished with exit code 0



