C:\Users\Tinkle_GW\venv\Scripts\python.exe C:/Users/Tinkle_GW/Desktop/wm_rsh/get_clk_local.py
(800, 800, 3) (800, 800, 3) (800, 800)
(113, 62, 3)
第 0 个通道

# 原jd图
    r：大致在 10~35
    g：大致在 60~80
    b：大致在 40~80

# 手工logo图
    r：大致在 10~35
    g：大致在 60~80
    b：大致在 50~80

# 手工logo的值：



1 0 0 0 0 0 0 0 1 4 4 4 3 0 9 22 28 27 21 18 18 54 52 38 15 4 6 6 7 8 10 10 10 8 8 8 8 7 7 7 7 7 7 7 7 7 7 7 7 7 7 7 7 10 10 10 8 8 7 7 6 6
0 0 0 0 0 1 3 3 4 4 3 1 0 0 1 19 27 23 12 7 4 47 43 25 3 0 2 8 6 6 7 7 7 7 7 7 6 6 6 6 6 6 6 6 6 6 6 6 6 6 6 6 6 6 6 6 6 6 7 7 7 8
0 0 0 0 0 0 0 0 0 0 0 0 0 0 8 22 15 4 3 3 0 44 24 1 0 0 0 0 0 0 0 0 0 0 0 0 0 0 0 0 0 0 0 0 0 0 0 0 0 0 0 0 0 0 0 0 0 0 0 0 1 7
0 0 4 0 0 10 8 7 7 8 9 7 3 0 13 23 17 10 8 5 1 22 9 0 0 0 0 0 0 0 2 2 2 2 2 0 0 0 0 0 0 0 0 0 0 0 0 0 0 0 0 0 0 0 0 0 0 0 2 5 9 13
0 20 33 30 27 25 22 21 21 25 27 27 25 21 21 23 22 19 16 14 13 13 11 8 8 11 14 18 19 17 19 19 17 17 17 16 16 16 16 16 16 16 16 16 16 21 21 21 21 21 21 21 21 9 10 11 14 17 21 24 28 19
0 19 34 28 25 14 12 10 12 17 19 20 18 26 23 21 25 26 24 25 31 4 5 7 9 9 10 11 13 12 12 12 12 11 11 10 10 10 10 10 10 10 10 10 10 10 10 10 10 10 10 10 10 5 6 7 10 13 16 20 24 21
0 20 34 30 25 19 18 19 18 17 17 16 15 21 19 21 27 29 30 34 40 11 13 15 15 14 13 15 18 17 17 15 15 14 12 12 12 12 12 12 12 12 12 12 12 12 12 12 12 12 12 12 12 10 10 12 13 16 19 23 26 23
3 23 34 30 27 32 33 31 25 18 15 17 19 13 15 20 24 29 31 32 31 22 23 24 24 23 25 27 29 27 27 26 24 23 23 22 22 23 23 23 23 23 23 23 23 28 28 28 28 28 28 28 28 21 21 23 24 25 28 30 32 22
0 1 5 0 0 16 18 14 4 0 0 0 9 11 14 17 16 23 28 17 1 6 5 7 8 10 12 11 11 12 10 10 9 7 6 5 5 6 6 6 6 6 6 6 6 1 1 1 1 1 1 1 1 6 6 6 8 8 9 11 12 14
0 0 0 0 0 11 9 6 0 0 0 4 19 12 13 11 8 17 22 1 0 0 0 0 1 3 3 3 3 1 1 0 0 0 0 0 0 0 0 0 0 0 0 0 0 0 0 0 0 0 0 0 0 0 0 0 0 0 0 1 1 6
0 0 0 0 0 10 3 0 0 0 0 20 21 16 15 17 22 26 18 0 0 3 3 7 4 8 3 0 0 0 0 0 0 0 0 7 0 3 3 3 3 3 3 3 3 3 3 3 3 3 3 3 3 0 0 0 0 0 0 0 0 0
0 0 0 0 0 8 4 0 0 0 4 21 21 14 14 19 24 25 13 0 0 3 3 6 3 6 3 0 11 0 0 0 0 0 0 8 0 1 1 1 1 1 1 1 1 1 1 1 1 1 1 1 1 0 0 0 0 0 0 0 0 0
0 0 0 0 0 6 9 0 0 1 16 22 19 14 14 21 28 24 5 0 0 3 1 5 1 0 2 1 28 34 32 24 35 36 35 40 17 0 0 0 0 0 0 0 0 0 0 0 0 0 0 0 0 1 1 0 0 0 0 0 0 0
0 0 0 0 0 6 11 0 0 13 27 19 16 14 15 23 32 22 0 0 0 3 0 5 0 0 0 2 35 26 22 14 22 25 26 27 0 0 0 0 0 0 0 0 0 0 0 0 0 0 0 0 0 4 4 3 1 0 0 0 0 0
0 0 0 0 0 4 6 0 0 21 28 17 13 13 18 27 29 18 0 0 3 1 0 7 0 0 0 0 34 31 28 16 23 26 31 31 1 0 0 0 0 0 0 0 0 0 0 0 0 0 0 0 0 7 7 6 4 3 1 0 0 0
0 0 0 0 0 3 0 0 10 26 25 13 11 13 22 28 22 9 2 7 11 0 0 6 3 0 0 0 31 23 20 8 12 13 20 22 0 0 0 0 0 0 0 0 0 0 0 0 0 0 0 0 0 10 8 8 7 6 4 3 1 1
0 0 0 0 0 3 0 4 26 27 17 12 13 11 24 25 12 1 4 12 15 3 1 5 3 0 0 0 32 25 24 15 15 15 20 23 0 1 1 1 1 1 1 1 1 1 1 1 1 1 1 1 1 10 8 8 7 6 6 4 3 1
0 0 0 0 0 4 0 6 37 29 12 13 13 10 25 23 5 0 6 17 18 6 3 5 2 1 0 0 35 21 25 17 16 14 18 18 0 3 3 3 3 3 3 3 3 3 3 3 3 3 3 3 3 7 7 7 6 6 4 4 3 3
1 0 0 0 0 0 5 22 33 27 14 9 13 16 17 7 0 0 6 17 18 3 11 3 4 12 0 0 34 28 19 16 12 14 28 20 0 5 5 5 5 5 5 5 5 4 4 4 4 4 4 4 4 8 3 6 7 3 6 7 3 3
0 0 1 1 0 0 7 27 31 24 13 11 13 21 12 0 0 0 2 10 11 1 8 1 0 5 0 0 36 26 19 17 15 17 28 19 0 0 0 0 0 0 0 0 0 0 0 0 0 0 0 0 0 0 0 0 0 0 0 6 2 1
0 1 1 2 0 0 14 33 31 19 14 12 12 21 2 0 0 0 0 3 5 0 5 1 0 0 0 0 33 24 18 18 17 18 26 18 0 0 0 0 0 0 0 0 0 0 0 0 0 0 0 0 0 0 0 0 0 0 0 6 2 0
1 2 0 0 0 0 20 33 25 15 19 18 13 8 0 0 0 0 0 0 0 0 0 0 0 0 0 0 13 20 15 15 16 16 26 22 3 0 0 0 0 0 0 0 0 0 0 0 0 0 0 0 0 0 0 0 0 0 0 0 0 0
4 3 0 0 0 11 23 26 16 14 23 23 14 34 22 18 25 30 29 30 38 33 33 31 32 34 27 26 32 16 11 12 12 13 24 29 16 30 30 30 30 30 30 30 30 31 31 31 31 31 31 31 31 25 23 26 29 32 40 30 3 0
5 1 0 1 11 18 21 18 13 16 23 23 15 19 19 20 24 25 23 25 29 26 22 23 26 26 24 18 12 13 4 7 8 8 22 30 23 22 22 22 22 22 22 22 22 22 22 22 22 22 22 22 22 21 18 19 25 31 37 20 0 0
4 0 0 11 31 15 14 15 17 18 19 20 18 20 24 25 20 20 22 23 21 19 16 20 21 18 18 16 5 6 0 4 7 6 17 26 21 15 15 15 15 15 15 15 15 14 14 14 14 14 14 14 14 16 13 17 20 27 35 19 0 0
3 0 0 20 46 9 10 16 21 20 15 16 22 23 28 24 15 15 20 21 13 13 12 16 16 8 12 16 5 2 0 4 8 5 13 21 16 9 9 9 9 9 9 9 9 8 8 8 8 8 8 8 8 6 8 14 16 21 32 19 0 0
0 1 9 20 28 30 28 28 30 29 29 30 35 29 32 26 24 32 32 23 24 37 32 31 27 31 19 5 34 17 17 5 8 10 19 29 4 29 28 29 34 37 34 35 36 30 27 26 27 31 34 38 41 22 20 24 27 30 37 27 2 0
0 0 2 7 11 0 0 0 0 0 0 0 0 0 0 0 0 0 0 0 0 4 0 0 0 0 0 0 16 15 16 8 10 11 17 22 0 0 0 0 1 3 1 0 0 0 0 0 0 0 0 0 2 0 0 0 0 0 4 4 0 0
2 0 0 0 0 1 0 0 0 0 0 0 0 0 0 0 0 0 0 0 0 2 0 0 0 0 0 0 29 14 16 9 15 13 16 17 0 0 0 0 0 2 0 0 0 0 0 0 0 0 0 0 0 0 0 0 0 0 2 10 4 0
3 3 2 1 1 0 0 0 0 0 0 0 0 0 0 0 0 0 0 0 0 3 2 3 0 0 0 0 29 14 17 11 16 15 17 17 0 0 0 0 2 2 1 4 7 0 0 0 0 0 0 0 0 0 0 0 2 1 3 8 5 0
1 2 3 4 4 8 5 1 2 12 27 33 28 27 29 29 35 41 24 3 0 1 1 5 0 0 0 0 24 17 19 11 15 15 19 23 0 0 0 3 3 1 0 7 17 36 30 27 26 26 29 30 31 3 0 0 2 3 4 6 3 0
0 0 0 1 1 4 1 0 0 11 29 33 26 24 28 29 39 43 21 0 0 3 5 10 3 3 0 0 33 20 20 12 16 17 22 26 0 0 3 8 8 1 0 11 21 39 32 28 25 25 27 28 29 18 0 0 8 12 13 11 4 1
0 0 1 0 0 11 9 1 0 13 27 27 14 10 18 26 33 34 13 0 2 4 4 3 1 0 0 0 31 20 22 14 18 18 22 26 0 0 0 0 1 1 0 0 2 32 25 20 17 16 17 17 18 23 0 0 3 8 7 8 6 3
0 3 5 4 1 8 5 0 0 13 29 24 7 12 21 29 30 24 1 0 7 11 8 6 3 2 0 0 34 19 23 16 19 19 23 25 0 1 0 1 5 6 0 0 0 33 25 19 15 14 12 14 14 34 4 0 5 6 8 8 9 4
0 0 0 0 0 7 4 0 0 30 22 14 8 8 14 24 27 13 0 0 9 6 6 7 3 1 0 0 34 25 19 15 23 18 25 32 0 0 0 1 3 3 1 0 0 10 20 23 14 8 14 15 8 32 6 0 0 4 8 8 9 4
0 0 0 0 0 7 3 0 1 30 23 11 10 8 15 23 20 6 0 3 9 6 6 7 3 1 0 0 34 25 19 15 23 18 25 32 0 0 0 1 3 4 1 0 0 3 15 23 16 9 12 13 9 33 8 0 0 4 7 8 9 4
0 0 0 0 0 2 0 0 16 28 24 8 16 10 19 21 10 0 0 4 10 6 6 7 3 1 0 0 34 23 19 15 21 17 25 32 0 0 0 1 4 4 3 0 0 0 9 24 22 14 11 12 11 34 12 0 0 2 8 8 9 4
0 0 0 0 0 0 0 0 28 26 24 7 19 13 22 19 1 0 0 6 11 4 4 7 1 0 0 0 32 23 18 14 21 17 23 30 0 0 0 0 4 6 4 1 0 0 2 21 26 21 14 15 17 33 15 0 0 0 6 8 7 4
0 0 0 0 0 0 0 0 35 24 21 8 20 18 22 13 0 0 0 9 12 4 3 6 0 0 0 0 32 22 16 14 20 16 23 29 0 0 0 0 4 6 6 3 0 0 0 14 27 27 20 19 23 29 16 0 0 0 3 6 4 3
0 0 0 0 0 0 0 9 35 24 17 14 19 22 16 3 0 0 1 10 14 3 3 4 0 0 0 0 31 22 16 12 20 16 22 29 0 0 0 0 4 7 7 4 0 0 0 4 20 29 26 25 28 23 19 6 0 0 0 5 3 3
0 0 0 0 0 0 0 21 33 25 15 24 18 24 7 0 0 0 4 10 13 3 1 4 0 0 0 0 31 20 15 12 18 14 20 28 0 0 0 0 3 7 7 6 0 0 0 0 12 28 29 26 28 19 22 14 0 0 0 3 3 1
0 0 0 0 0 0 0 30 32 27 13 29 18 24 1 0 0 0 4 8 13 1 1 4 0 0 0 0 29 20 15 11 18 14 20 28 0 0 0 0 3 7 8 6 1 1 0 0 5 27 30 27 27 17 26 20 0 0 0 3 4 1
2 4 7 8 17 0 0 23 26 21 23 27 28 7 0 0 0 7 10 14 16 23 20 15 7 0 0 0 21 26 18 20 20 22 39 27 0 0 1 1 3 4 4 4 1 1 1 0 0 7 32 35 20 13 6 17 12 0 0 0 6 8
3 5 6 7 8 0 11 28 21 20 31 32 21 0 0 0 0 7 9 11 14 22 16 10 4 0 0 0 16 17 18 24 22 24 30 19 0 0 0 1 3 4 4 4 3 0 0 0 0 0 19 31 31 14 13 23 21 0 0 0 6 7
3 6 3 3 3 0 24 31 17 19 36 30 7 0 0 0 1 7 8 8 10 15 7 1 0 0 0 1 18 12 17 18 20 32 27 6 0 0 0 1 3 3 4 4 3 0 0 0 0 0 1 23 40 9 19 26 27 16 0 0 6 3
1 0 0 0 5 11 23 28 22 26 31 16 0 0 0 0 2 5 4 6 8 2 0 0 0 0 0 9 22 13 16 9 19 41 27 0 0 0 0 0 1 3 4 4 3 2 0 0 0 0 0 12 36 10 21 22 25 28 3 0 1 0
0 0 0 1 17 19 19 24 31 33 20 1 0 0 0 3 2 1 1 3 4 0 0 0 0 1 10 17 20 12 21 18 26 37 15 0 0 0 0 0 1 3 4 4 4 8 0 0 0 0 0 2 21 17 23 20 24 34 13 0 0 0
0 0 0 8 29 23 18 25 33 27 7 0 0 3 6 5 1 0 1 2 0 0 5 23 27 26 24 20 13 11 26 33 30 18 0 0 0 0 0 0 0 3 3 4 4 9 3 0 0 0 0 0 5 18 25 26 29 34 24 1 0 0
0 0 0 14 37 21 23 25 21 9 0 0 2 5 8 6 3 0 1 1 0 0 12 35 35 29 26 22 16 21 24 29 20 0 0 1 2 0 0 0 0 1 3 4 4 6 5 4 1 0 0 0 0 0 14 30 33 32 34 18 0 0
0 0 0 20 38 18 28 26 6 0 0 0 9 7 8 7 3 1 3 0 0 0 13 34 28 18 21 26 28 38 21 12 3 0 5 12 6 0 0 0 0 1 3 4 4 4 6 7 4 1 1 1 0 0 0 31 37 29 39 33 0 0
0 3 25 36 32 30 18 0 0 0 0 3 6 8 8 6 3 0 0 0 0 0 13 34 39 36 35 31 23 1 0 0 0 1 7 10 11 0 0 0 0 0 1 3 4 4 4 4 4 3 3 3 1 0 0 5 22 35 40 38 33 0
0 3 17 20 14 10 0 0 0 0 0 5 8 8 8 6 3 0 0 0 0 0 9 19 15 7 5 0 0 0 0 0 3 7 11 14 14 0 0 0 0 0 0 1 3 4 4 4 4 4 4 4 4 0 0 0 6 18 24 24 22 0
0 0 1 0 0 0 0 0 0 0 3 5 6 7 7 6 3 0 0 0 0 0 2 3 0 0 0 0 0 0 0 3 6 8 14 15 15 0 0 0 0 0 0 0 1 3 3 3 4 4 4 4 4 0 0 0 0 0 0 0 0 0
0 0 0 0 0 0 0 0 0 0 3 4 4 4 4 4 3 1 0 0 0 0 1 0 0 0 2 4 2 0 1 4 6 8 12 13 13 0 0 0 0 0 0 0 0 1 1 3 3 3 4 4 4 3 0 0 0 0 0 0 0 0
1 0 2 0 0 2 0 1 0 2 2 2 1 1 1 3 3 1 1 1 1 6 5 2 0 0 3 2 0 1 1 4 6 7 7 7 8 0 0 0 0 0 0 0 0 0 0 0 1 1 3 3 3 0 0 0 0 0 2 3 3 1
1 3 5 8 8 6 5 3 1 0 0 1 1 0 0 0 1 3 4 4 6 3 3 3 3 3 3 2 1 1 3 4 4 2 1 1 2 0 0 0 0 0 0 0 0 0 0 0 0 0 1 1 1 0 0 1 3 6 7 8 8 6
1 3 6 8 10 7 8 6 3 1 0 0 0 0 0 0 1 3 6 7 7 4 4 4 5 6 6 5 6 0 0 2 1 0 0 0 0 0 0 0 0 0 0 0 0 0 0 0 0 0 0 0 1 3 3 7 6 6 8 10 10 8
4 6 7 8 13 11 10 10 6 2 0 0 0 0 0 0 1 4 6 8 8 8 8 6 7 3 3 1 2 0 0 0 0 0 0 0 0 0 0 0 0 0 0 0 0 0 0 0 0 0 0 0 0 0 1 3 6 8 10 12 13 11
3 1 0 0 0 11 11 11 11 11 10 7 4 0 0 0 0 0 0 0 0 0 0 0 0 0 3 6 6 3 0 0 0 0 0 0 0 0 0 0 0 0 0 0 0 0 0 0 0 0 0 0 0 13 13 13 11 10 8 7 4 8
0 0 0 0 0 4 5 5 5 5 5 4 1 0 8 22 29 25 19 13 12 18 24 19 6 1 6 9 4 2 0 0 0 0 0 0 0 4 4 4 4 4 4 4 4 4 4 4 4 4 4 4 4 7 7 5 5 4 4 2 2 1
0 0 0 0 0 0 0 0 0 0 0 0 0 0 0 22 34 30 22 19 20 39 36 24 5 0 1 4 2 0 0 0 0 0 0 0 0 3 3 3 3 3 3 3 3 3 3 3 3 3 3 3 3 0 0 0 0 0 0 0 0 0
0 0 0 0 0 0 0 0 0 0 0 0 0 0 6 22 26 20 13 14 18 9 7 0 0 0 0 0 0 0 0 0 0 0 0 0 0 0 0 0 0 0 0 0 0 0 0 0 0 0 0 0 0 0 0 0 0 0 0 0 0 0
14 24 25 22 19 20 20 20 21 23 23 23 24 20 24 25 24 20 16 17 19 18 19 20 21 26 34 37 35 32 30 27 27 28 30 32 34 25 25 25 25 25 25 25 25 25 25 25 25 25 25 25 25 16 16 17 20 23 25 30 34 6
5 20 21 17 15 14 14 14 14 16 16 16 16 16 15 14 15 16 15 13 11 0 1 6 13 20 24 24 19 18 17 14 16 17 18 21 23 7 7 7 7 7 7 7 7 7 7 7 7 7 7 7 7 7 9 10 13 17 21 25 30 11
12 26 21 14 10 15 15 15 13 12 12 10 10 12 11 11 12 15 16 16 15 0 0 0 7 14 15 13 8 9 6 5 6 8 10 13 15 1 1 1 1 1 1 1 1 1 1 1 1 1 1 1 1 8 8 10 13 16 20 24 29 10
12 27 25 17 14 24 23 21 20 17 14 11 10 13 12 9 6 6 8 12 16 3 1 1 6 13 15 13 12 9 6 6 6 9 13 16 17 11 11 11 11 11 11 11 11 11 11 11 11 11 11 11 11 16 16 18 20 23 25 30 32 8
13 25 29 23 15 33 32 32 31 24 14 12 14 12 3 3 10 15 11 9 11 12 16 21 27 27 27 25 21 19 9 13 20 18 24 30 29 31 31 31 31 31 31 31 31 31 31 31 31 31 31 31 31 26 27 27 29 30 33 34 37 5
0 0 0 0 0 0 0 0 0 0 0 0 2 9 10 9 7 11 15 8 0 0 0 0 0 0 0 0 0 0 0 0 0 0 0 0 0 0 0 0 0 0 0 0 0 0 0 0 0 0 0 0 0 0 0 0 0 0 0 0 0 2
0 0 0 0 0 4 2 0 0 0 0 11 20 7 18 16 5 10 22 5 0 6 6 7 8 8 7 4 0 0 0 0 0 0 0 8 6 0 0 0 0 0 0 0 0 0 0 0 0 0 0 0 0 0 0 0 0 0 0 0 0 0
1 0 0 0 0 7 10 4 0 0 9 22 22 10 18 18 11 17 22 0 0 22 22 24 25 25 20 11 7 1 0 0 0 1 6 13 13 0 0 0 0 0 0 0 0 0 0 0 0 0 0 0 0 5 5 5 4 4 2 2 1 0
1 0 0 0 0 6 4 0 0 0 15 19 9 15 13 16 24 27 18 0 0 20 20 20 20 17 15 11 7 0 0 0 0 0 6 11 7 0 0 0 0 0 0 0 0 0 0 0 0 0 0 0 0 6 6 4 4 4 3 3 1 1
3 3 3 6 7 8 2 0 0 4 23 24 15 17 9 15 32 31 9 0 0 13 13 11 8 6 11 22 29 32 25 24 24 24 32 30 13 0 0 0 0 0 0 0 0 0 0 0 0 0 0 0 0 4 4 4 4 4 4 4 2 2
0 1 4 6 6 0 0 0 0 7 19 17 11 15 12 20 33 26 3 0 2 0 0 0 0 0 0 15 28 22 13 13 12 15 22 15 0 3 3 3 3 3 3 3 3 3 3 3 3 3 3 3 3 0 0 0 0 0 0 1 1 1
0 3 6 6 7 0 0 0 5 17 17 13 10 10 15 25 31 18 0 0 4 0 0 0 0 0 0 0 12 4 0 0 0 2 12 1 0 12 12 12 12 12 12 12 12 12 12 12 12 12 12 12 12 0 0 0 0 0 0 1 1 1
5 5 3 3 3 18 13 18 38 43 25 13 14 18 7 23 32 8 3 11 17 6 4 3 7 0 0 11 16 4 12 9 13 19 30 33 0 1 1 1 1 0 0 0 0 0 0 0 0 0 0 0 0 0 0 0 0 0 0 1 2 1
5 3 3 1 1 1 3 14 28 29 17 7 7 7 13 16 4 0 0 4 7 12 10 3 1 0 0 10 12 9 14 6 9 14 24 27 0 0 0 0 0 0 0 0 0 0 0 0 0 0 0 0 0 0 0 0 0 0 0 0 1 1
3 3 1 1 0 0 0 8 16 13 6 0 0 0 18 10 0 0 0 0 1 12 10 6 4 0 0 19 22 15 14 5 7 13 24 24 0 0 0 0 0 0 0 0 0 0 0 0 0 0 0 0 0 2 0 0 0 1 4 6 4 3
1 1 0 0 0 0 0 9 11 4 1 1 0 0 11 0 0 0 0 0 1 8 7 6 7 0 0 19 22 16 14 4 9 15 21 20 0 1 1 1 1 1 1 1 1 1 1 1 1 0 0 0 0 1 1 3 3 4 4 4 4 4
0 0 0 0 0 0 0 13 12 6 6 8 10 17 16 0 0 0 4 6 11 3 8 8 10 0 0 23 28 17 14 5 12 14 15 12 0 7 7 7 7 7 8 8 8 8 8 8 8 9 9 9 9 3 8 10 8 5 4 4 5 3
0 0 0 0 0 0 7 21 18 14 14 20 24 36 13 0 0 1 7 11 15 0 0 0 0 0 0 22 32 17 15 6 10 9 6 3 0 4 4 4 4 4 6 6 6 7 7 7 7 8 8 8 8 0 0 0 0 0 1 2 7 1
0 0 0 0 0 6 13 20 20 19 21 25 30 24 2 0 0 3 4 9 10 0 0 0 0 0 0 15 17 16 15 7 10 7 4 9 0 0 0 0 0 0 0 0 0 0 0 0 0 0 0 0 0 0 0 0 0 0 1 0 0 0
0 0 0 0 0 12 11 11 13 15 16 20 27 32 19 28 41 35 38 41 29 22 23 19 33 30 22 32 20 14 13 7 13 8 10 22 4 19 19 19 19 19 20 20 20 22 22 22 23 23 23 23 23 31 28 28 36 43 35 14 0 0
3 0 0 5 34 2 4 7 7 8 7 9 11 7 11 15 17 18 19 17 16 11 12 17 22 21 17 18 20 13 14 6 3 13 16 13 15 0 0 0 0 1 2 3 1 3 3 4 4 4 4 4 4 15 20 22 21 26 28 13 0 0
0 0 0 11 38 0 0 0 0 2 4 4 3 6 4 1 0 0 0 0 0 2 2 7 16 21 18 18 17 9 13 9 5 12 17 20 26 0 0 0 0 0 0 0 0 0 0 0 0 0 0 0 0 13 15 15 17 26 27 7 0 0
0 0 4 30 53 23 20 17 16 18 18 17 13 12 10 6 6 5 5 8 8 10 6 7 13 16 15 10 7 7 10 10 7 11 19 27 30 11 12 13 11 8 7 9 11 11 11 11 11 10 10 10 10 11 11 11 16 26 27 6 0 0
0 0 10 29 43 37 34 33 31 29 28 27 27 18 18 19 21 19 18 17 16 21 19 19 19 19 16 19 21 8 7 9 10 12 24 27 20 35 36 36 37 37 35 34 33 31 29 29 28 28 28 27 27 15 15 17 22 30 31 16 1 0
0 0 0 1 3 0 0 1 0 0 0 0 0 0 0 0 0 0 0 0 0 0 0 0 0 0 0 0 10 12 3 7 12 14 27 24 1 6 6 4 6 8 8 2 0 3 1 1 0 0 0 0 0 0 0 0 0 0 0 0 0 0
0 0 0 0 0 6 8 7 4 0 0 0 0 0 0 0 0 0 0 6 9 1 0 2 0 0 0 10 27 14 1 7 12 14 29 25 0 11 10 8 8 7 6 4 3 1 0 0 0 0 0 0 0 0 0 0 0 0 0 2 5 0
2 1 0 0 0 0 0 0 0 0 0 0 0 0 0 0 0 0 0 3 4 21 20 15 7 0 0 9 23 16 2 9 14 10 27 25 0 1 0 0 0 0 0 1 6 0 0 0 0 0 0 0 0 9 6 4 4 6 6 7 9 4
1 0 0 0 0 0 0 0 6 25 35 31 23 30 34 42 44 37 22 6 3 27 25 21 14 6 4 16 26 15 2 12 15 7 25 29 0 0 0 0 0 0 0 6 23 32 31 29 26 25 24 24 24 25 17 11 11 12 12 10 8 7
0 0 0 0 0 2 0 0 6 15 15 11 8 15 20 29 24 38 0 0 0 0 0 0 0 0 0 23 24 20 16 10 16 13 22 25 0 0 0 1 4 3 0 3 24 23 12 8 8 10 13 16 22 12 0 0 0 4 7 10 6 3
0 0 0 0 0 5 0 0 8 17 15 9 9 11 17 28 28 26 0 0 0 0 0 0 0 0 0 23 22 18 16 10 14 13 22 24 0 0 0 1 3 5 0 1 17 22 12 5 6 9 13 18 21 17 0 0 1 3 6 10 8 3
0 0 0 0 0 7 0 0 10 21 12 4 8 8 16 26 33 6 0 0 0 1 0 1 0 0 0 23 22 18 15 10 14 11 20 24 0 0 2 1 4 6 0 0 5 23 14 6 4 8 14 19 21 23 0 0 0 6 6 9 9 3
0 0 0 0 0 9 0 0 14 24 10 0 6 7 16 26 35 0 0 0 0 2 0 2 0 0 0 23 22 18 15 9 13 10 19 22 0 1 3 3 4 8 1 0 0 25 16 9 6 8 13 18 17 27 0 0 0 6 6 6 9 3
0 0 0 0 0 9 0 0 19 24 8 0 5 6 16 24 28 0 0 0 3 5 1 3 0 0 0 23 22 17 13 8 13 10 19 22 0 2 5 4 6 8 1 0 0 22 20 16 10 9 13 15 12 29 0 0 0 4 4 6 7 3
0 0 0 0 0 5 0 3 21 24 6 0 3 7 18 21 13 0 0 4 6 6 3 5 0 0 0 21 21 17 13 8 12 8 19 22 0 1 7 4 6 7 2 0 0 10 17 21 16 10 12 12 10 30 0 0 0 0 4 6 6 3
0 0 0 0 0 3 1 11 23 21 5 0 1 6 20 17 0 0 0 6 7 8 4 5 0 0 0 21 21 16 12 6 12 8 19 22 0 3 8 4 6 6 2 0 0 0 11 25 19 12 11 10 7 29 0 0 0 0 3 8 6 3
0 0 0 0 0 0 3 16 22 17 6 0 1 7 20 16 0 1 1 7 8 8 6 6 0 0 0 20 20 14 11 6 12 8 19 22 0 4 8 4 4 5 2 0 0 0 9 26 23 13 12 10 7 28 4 0 0 0 2 9 4 3
0 0 0 0 0 0 0 29 23 15 14 0 10 19 4 0 0 0 3 7 12 7 8 4 6 0 0 18 24 20 7 1 20 10 11 26 0 4 4 4 3 1 0 0 0 0 0 26 33 15 11 16 3 19 30 0 0 0 1 4 4 3
0 0 0 1 1 0 4 30 26 13 10 3 12 22 2 0 0 0 4 6 10 6 4 3 3 0 0 16 18 16 7 1 16 11 17 27 0 4 3 3 1 0 0 0 0 0 0 16 33 25 14 9 7 19 22 0 0 0 0 4 5 4
0 1 1 1 1 0 13 29 26 12 5 14 14 17 0 0 0 0 6 5 7 4 4 1 1 0 0 15 15 13 7 3 11 13 26 28 0 3 1 0 0 0 0 0 0 0 0 4 23 35 19 5 11 19 15 14 0 0 0 4 6 4
1 3 1 0 0 0 20 20 21 12 8 27 15 3 0 0 0 1 3 2 1 4 4 0 0 0 0 16 15 12 8 8 9 16 32 26 0 1 0 0 0 0 0 0 1 1 2 0 11 36 27 8 10 15 12 23 0 0 0 3 7 4
4 4 0 0 0 0 21 12 15 14 16 32 13 0 0 0 0 1 0 0 0 2 6 1 0 0 0 15 18 11 9 12 10 20 34 19 0 0 0 0 0 0 0 0 3 6 10 1 0 23 31 15 9 10 11 21 2 0 6 1 6 4
4 3 0 0 5 5 15 10 10 17 19 21 5 0 0 2 4 0 0 0 0 0 3 0 0 0 0 18 17 11 7 15 11 21 28 5 0 0 0 0 0 0 0 0 4 7 14 5 0 7 22 19 8 5 11 18 22 0 5 1 4 4
2 0 0 6 22 11 7 13 12 17 20 0 0 0 0 2 3 0 0 0 0 0 0 0 0 0 4 27 16 11 4 15 13 21 21 0 0 0 0 0 0 0 0 0 4 8 10 7 0 0 4 15 10 5 9 18 34 9 0 6 4 4
0 0 0 14 36 13 1 19 13 16 15 0 0 0 1 3 3 0 0 0 0 0 0 0 0 7 19 36 17 11 1 14 13 19 13 0 0 0 0 0 0 0 0 0 4 15 11 8 1 0 0 9 14 7 6 23 36 27 0 16 4 4
0 0 0 0 23 26 15 19 35 32 7 0 0 0 0 1 1 1 0 0 0 0 0 2 0 1 6 6 9 5 18 25 21 7 0 0 0 0 0 0 0 0 0 0 0 5 0 0 0 0 1 21 45 19 10 11 21 21 2 0 0 0
0 0 0 10 28 16 23 28 21 5 0 0 0 0 1 1 1 1 0 0 0 0 11 16 11 12 13 10 12 19 22 22 11 0 0 0 0 0 0 0 0 0 0 0 0 4 0 0 1 0 0 7 24 10 17 19 18 18 15 0 0 0
0 0 11 24 22 20 33 28 0 0 0 0 0 0 1 1 1 0 0 0 0 0 12 17 13 18 18 14 17 23 19 10 0 0 0 0 0 0 0 0 0 0 0 0 0 2 0 0 2 0 0 0 5 0 19 30 21 20 27 13 0 0
0 5 28 34 26 35 29 9 0 0 0 0 0 0 1 1 1 0 0 0 0 9 26 29 27 31 28 25 27 9 2 0 0 0 0 0 1 0 0 0 0 0 0 0 0 0 0 0 2 4 0 0 1 0 4 26 28 33 41 29 6 0
6 21 33 32 29 29 12 0 0 0 0 0 0 1 1 1 1 0 0 0 0 13 25 24 19 20 11 3 7 0 0 0 0 0 1 4 4 0 0 0 0 0 0 0 0 0 0 0 0 3 2 1 1 0 0 8 23 32 38 34 29 0
6 13 7 3 3 3 0 0 0 0 0 0 8 1 3 1 1 0 0 0 0 0 3 0 0 0 0 0 0 0 0 0 0 3 6 6 7 0 0 0 0 0 0 0 0 1 0 0 0 0 0 0 0 0 0 0 3 6 5 8 17 0
0 0 0 0 0 0 0 0 0 0 0 1 8 3 3 1 1 0 0 0 0 1 2 0 0 2 0 0 2 0 0 0 3 4 6 7 7 0 0 0 0 0 0 0 0 0 0 0 0 0 0 0 0 0 0 0 0 0 0 0 0 0


第 1 个通道
0 0 0 1 1 0 0 0 0 0 0 0 0 1 17 38 53 59 62 65 68 60 56 39 15 2 0 0 0 0 0 0 0 0 0 0 0 0 0 0 0 0 0 0 0 0 0 0 0 0 0 0 0 0 0 0 0 0 0 0 0 0
1 3 3 4 4 0 0 0 0 0 0 0 0 3 21 51 72 79 78 79 81 57 53 33 7 0 0 3 0 0 0 0 0 0 0 0 0 0 0 0 0 0 0 0 0 0 0 0 0 0 0 0 0 0 0 0 0 0 0 0 0 0
3 7 8 7 6 1 1 1 1 0 1 3 4 6 40 67 71 70 80 86 84 69 49 23 6 5 3 3 2 1 0 0 0 0 0 1 1 1 1 1 1 1 1 1 1 1 1 1 1 1 1 1 1 3 3 3 2 1 1 0 0 1
5 20 30 30 32 35 33 29 29 30 30 31 32 35 54 70 73 73 78 81 79 68 55 39 30 29 31 31 29 29 28 28 28 28 28 29 29 29 29 29 29 29 29 29 29 24 24 24 24 24 24 24 24 31 30 30 29 28 27 25 23 23
17 45 63 64 66 71 68 64 64 66 68 68 66 63 66 69 71 72 71 71 70 79 75 70 68 69 70 69 69 67 66 66 67 67 67 67 67 67 67 67 67 67 67 67 67 72 72 72 72 72 72 72 72 72 72 71 70 68 67 65 63 48
12 45 66 67 65 70 68 66 68 70 72 71 69 75 69 66 67 66 62 63 66 77 78 78 77 75 74 73 73 72 72 72 72 73 73 74 74 74 74 74 74 74 74 74 74 74 74 74 74 74 74 74 74 79 78 78 76 75 74 72 70 61
10 45 66 66 65 69 69 70 71 73 73 72 70 74 68 65 67 64 61 62 68 74 76 77 75 71 70 71 71 70 70 71 71 71 72 72 72 72 72 72 72 72 72 72 72 72 72 72 72 72 72 72 72 76 76 75 75 73 72 70 69 60
15 43 62 64 65 60 63 65 64 63 64 70 74 70 70 70 70 69 66 63 60 64 65 65 63 62 61 61 63 61 61 62 63 64 64 64 64 64 64 64 64 64 64 64 64 69 69 69 69 69 69 69 69 65 66 65 64 64 63 62 61 47
2 19 29 29 31 16 21 25 23 23 31 49 64 70 73 74 71 73 72 58 41 24 23 22 23 23 23 22 22 23 23 23 24 25 25 26 26 25 25 25 25 25 25 25 25 20 20 20 20 20 20 20 20 23 23 23 23 23 22 22 22 22
1 7 9 8 9 0 0 0 1 5 19 49 72 71 76 74 69 73 74 51 21 0 0 0 0 0 0 0 0 0 0 0 0 0 0 1 1 0 0 0 0 0 0 0 0 0 0 0 0 0 0 0 0 0 0 0 0 0 0 0 0 1
0 0 1 1 1 2 0 4 6 7 28 64 70 69 71 71 72 71 59 34 12 0 0 0 0 3 2 0 10 7 11 9 12 6 4 16 1 0 0 0 0 0 0 0 0 0 0 0 0 0 0 0 0 1 2 2 2 3 4 4 4 4
0 0 1 1 1 0 0 4 4 11 40 65 72 70 70 70 73 67 49 26 9 1 0 1 0 1 3 1 26 17 20 16 24 19 14 20 3 0 0 0 0 0 0 0 0 0 0 0 0 0 0 0 0 0 1 2 2 2 3 3 3 3
0 0 1 1 1 0 5 1 4 27 55 68 73 70 68 71 73 60 34 13 7 3 0 3 0 0 5 12 47 62 66 63 71 68 61 60 33 0 0 0 0 0 0 0 0 0 0 0 0 0 0 0 0 0 0 0 1 2 2 2 2 2
0 0 1 1 1 0 7 2 5 42 67 69 72 70 70 72 71 51 20 4 3 3 0 5 0 0 5 17 61 60 64 59 67 66 61 56 24 1 1 1 1 1 1 1 1 1 1 1 1 1 1 1 1 0 0 0 0 0 1 1 1 1
0 0 1 1 1 0 4 4 14 53 73 69 72 72 73 72 64 38 10 0 0 2 1 7 2 1 4 17 64 71 74 69 76 75 73 70 35 1 1 1 1 1 1 1 1 1 1 1 1 1 1 1 1 0 0 0 0 0 0 0 0 1
0 0 1 1 1 0 0 9 32 61 72 70 72 73 75 71 51 24 2 0 0 1 1 7 3 2 3 15 63 65 70 65 69 68 69 66 32 0 0 0 0 0 0 0 0 0 0 0 0 0 0 0 0 0 0 0 0 0 0 0 0 0
0 0 1 1 1 1 1 18 52 66 68 72 74 71 77 66 37 10 0 0 0 3 0 4 3 2 3 15 63 67 76 71 74 71 72 69 34 0 0 0 0 0 0 0 0 0 0 0 0 0 0 0 0 0 0 0 0 0 0 0 0 0
0 0 1 1 1 7 2 24 66 70 65 73 76 70 77 63 28 2 0 0 0 3 0 1 1 2 2 17 65 63 75 73 75 70 68 63 29 0 0 0 0 0 0 0 0 0 0 0 0 0 0 0 0 0 0 0 0 0 0 0 0 0
1 0 2 2 1 2 19 43 65 72 70 71 76 76 69 47 17 2 0 0 0 0 8 0 0 13 2 10 64 68 69 70 68 68 76 64 32 1 1 1 1 1 1 1 1 0 0 0 0 0 0 0 0 3 0 1 2 0 1 2 0 0
0 0 3 3 3 6 28 55 70 71 69 71 75 79 62 35 11 3 0 0 0 0 7 0 0 9 3 12 66 66 67 71 69 68 73 60 27 0 0 0 0 0 0 0 0 0 0 0 0 0 0 0 0 1 1 3 3 0 0 5 0 0
0 1 3 4 4 16 44 67 73 68 70 72 72 77 52 23 10 8 6 2 0 3 11 5 5 8 4 18 67 65 68 72 71 68 72 58 28 4 4 4 4 4 4 4 4 5 5 5 5 5 5 5 5 5 4 10 7 2 4 9 3 0
1 2 2 1 2 35 59 73 70 66 72 74 69 61 36 15 12 14 9 6 7 8 14 10 9 11 7 19 53 68 70 74 72 68 72 62 38 9 9 9 9 9 9 9 9 10 10 10 10 10 10 10 10 12 11 14 12 6 9 6 1 1
4 3 1 1 4 56 68 72 65 65 76 76 67 85 71 63 64 64 58 58 63 64 64 60 61 64 61 66 80 72 72 74 73 68 73 71 55 62 62 62 62 62 62 62 62 63 63 63 63 63 63 63 63 70 65 65 63 60 61 46 14 1
5 1 1 3 15 69 72 69 64 67 74 74 66 68 65 66 68 66 62 64 68 72 68 66 67 68 69 68 68 75 74 77 75 69 75 77 65 68 68 68 68 68 68 68 68 68 68 68 68 68 68 68 68 76 71 68 67 67 67 41 5 2
4 0 1 13 35 72 71 70 70 71 70 69 67 66 70 70 68 68 69 72 70 77 72 73 72 69 73 75 70 77 76 80 79 72 74 77 68 74 74 74 74 74 74 74 74 73 73 73 73 73 73 73 73 79 74 74 71 69 69 45 5 4
3 0 1 22 50 69 70 73 76 73 66 65 68 69 74 72 64 66 73 74 68 77 74 76 73 65 71 78 75 78 75 82 81 73 73 74 66 74 74 74 74 74 74 74 74 73 73 73 73 73 73 73 73 76 73 75 71 68 68 48 10 4
0 1 9 20 28 47 45 43 42 39 37 37 40 34 39 36 36 47 48 42 43 42 37 37 36 45 41 37 79 72 80 73 74 72 75 78 49 42 39 36 37 36 33 36 41 40 42 42 42 40 38 36 35 48 42 40 37 34 36 26 3 1
0 0 2 7 11 5 5 4 4 4 3 2 2 3 9 3 4 5 5 6 7 6 2 3 3 11 10 14 61 70 79 74 76 73 73 71 40 7 2 1 1 2 0 0 4 5 6 7 6 5 3 2 0 10 7 8 5 1 3 3 0 1
2 0 0 0 0 12 10 7 8 8 8 5 4 4 9 6 5 9 8 9 17 4 1 2 2 7 8 18 71 67 77 75 78 73 69 64 30 3 3 1 0 1 0 0 3 6 8 9 9 8 7 5 4 8 6 8 5 0 0 8 4 1
3 3 2 1 1 1 2 3 4 5 12 12 10 10 13 11 11 17 9 5 4 4 2 5 1 3 5 15 70 65 77 74 77 72 68 62 27 3 2 2 3 1 0 8 19 11 13 14 14 13 12 10 10 14 6 7 6 0 0 3 3 0
1 2 3 4 4 6 6 7 14 32 53 63 63 63 64 59 61 61 40 15 8 0 0 4 0 2 5 8 63 66 76 72 75 71 68 65 31 3 3 5 3 0 0 12 31 58 61 62 62 62 61 60 60 21 5 3 3 0 0 0 0 0
0 0 0 1 1 0 0 1 9 33 61 74 71 69 71 68 70 65 36 6 2 0 1 6 3 8 6 15 69 66 75 72 73 70 69 67 34 4 8 10 7 0 0 17 37 64 67 69 70 70 69 68 68 36 10 2 7 5 2 0 0 0
0 0 1 0 0 0 3 5 13 39 66 74 67 66 69 69 68 56 25 2 3 0 0 0 0 3 3 11 65 65 75 71 73 69 67 65 32 2 2 1 0 0 0 5 18 61 64 67 68 69 67 67 67 41 10 1 2 0 0 0 0 0
0 3 5 4 1 0 0 4 16 43 72 77 67 74 78 76 66 46 13 0 5 3 0 0 0 3 5 13 66 64 74 71 74 70 65 61 28 7 2 0 1 2 0 2 7 62 66 68 70 71 71 70 70 52 18 2 4 0 0 0 0 0
0 0 0 0 0 0 0 4 9 65 69 71 71 74 74 73 63 35 6 0 3 0 0 1 0 2 3 12 66 67 70 70 76 67 67 68 27 3 2 1 0 0 0 2 5 39 61 74 71 69 75 75 68 54 24 3 0 0 0 0 0 0
0 0 0 0 0 0 1 5 23 66 72 71 76 74 75 72 55 26 1 0 0 0 0 1 0 2 3 12 66 67 70 70 76 67 67 68 27 3 2 1 0 0 0 1 4 29 54 72 73 70 73 73 69 59 30 4 1 0 0 0 0 0
0 0 0 0 0 0 3 6 40 67 75 68 79 73 76 68 42 13 0 0 0 0 0 1 0 2 3 12 66 68 70 70 76 68 67 68 28 4 2 0 0 0 0 1 4 15 44 69 75 71 70 71 70 66 38 10 2 1 0 0 0 0
0 0 0 0 0 1 5 11 57 67 75 64 80 73 75 61 29 4 0 0 0 0 0 1 0 3 3 12 66 68 71 71 76 68 68 69 28 3 2 1 0 0 0 0 2 6 32 62 75 73 69 70 72 73 47 19 4 1 1 0 0 0
0 0 0 0 0 3 7 21 67 65 70 63 77 73 68 49 19 2 0 0 0 0 0 2 0 3 3 13 66 68 71 71 77 69 68 70 28 4 2 1 0 0 0 0 1 4 22 50 69 73 69 68 72 75 56 30 8 2 1 0 0 0
0 0 0 0 0 5 10 35 70 66 66 66 71 71 58 34 11 1 0 0 0 0 0 3 0 3 4 13 67 68 71 72 77 69 69 70 28 4 2 0 0 0 0 0 0 3 12 34 59 71 68 67 70 75 65 41 15 3 0 0 0 0
0 0 0 0 0 10 15 51 69 67 61 73 67 68 45 19 6 1 0 0 0 0 0 3 0 3 4 14 67 69 72 72 78 70 69 70 29 4 2 1 0 0 0 0 0 4 5 18 47 67 68 65 67 75 72 54 23 4 1 1 0 0
0 0 0 0 0 13 19 62 68 69 59 78 64 66 36 9 4 2 0 0 0 0 0 3 0 4 5 14 68 69 72 72 78 70 69 70 29 4 3 1 0 0 0 0 0 6 5 8 37 62 66 63 63 75 78 61 28 4 1 2 0 0
0 0 0 0 2 13 42 67 71 66 65 66 63 36 18 4 1 1 0 0 0 0 0 0 2 3 6 30 65 75 69 69 65 62 73 57 11 0 0 0 0 0 0 0 0 3 7 7 11 37 68 76 62 78 67 67 52 12 3 0 0 0
1 1 0 0 0 27 57 74 66 62 72 68 53 25 11 3 1 3 0 0 0 0 0 0 4 5 9 34 64 68 72 75 70 64 64 49 20 0 0 0 0 0 0 0 0 0 5 6 8 26 52 69 72 77 72 74 61 26 3 0 1 0
3 4 1 0 0 46 70 77 62 60 72 62 33 9 5 3 3 3 0 0 0 2 0 0 3 8 21 45 70 68 73 70 69 72 61 35 17 0 0 0 0 0 0 0 0 0 2 5 6 13 31 56 76 70 76 75 67 44 10 1 5 0
3 2 1 3 9 60 72 73 64 62 63 42 12 4 3 2 2 1 0 0 0 3 2 4 7 16 36 59 77 72 72 61 65 80 59 20 8 1 0 0 0 0 0 0 0 0 1 2 4 6 13 39 66 65 74 68 66 58 24 4 6 0
3 3 4 16 32 70 68 69 70 65 46 19 4 2 4 3 0 0 0 2 3 5 12 21 29 41 57 70 77 71 76 69 68 72 44 9 6 1 1 0 0 0 0 0 0 4 0 1 4 4 6 21 42 66 72 65 63 66 39 8 5 2
3 4 6 31 55 74 67 68 69 56 27 5 1 2 4 3 0 0 1 4 5 10 32 54 64 69 73 73 68 66 77 78 67 47 21 5 10 1 1 1 0 0 0 0 0 3 0 0 2 3 4 9 20 60 67 67 65 69 53 26 7 4
4 6 17 44 69 71 70 66 53 31 9 1 1 0 2 0 0 0 6 7 4 13 43 70 74 71 73 71 65 67 66 64 47 19 7 8 4 1 1 1 0 0 0 0 0 0 0 0 1 2 1 3 6 36 50 66 68 64 65 47 16 6
4 11 26 52 74 65 71 63 35 7 2 0 3 0 0 0 0 1 7 8 4 13 44 66 64 57 62 68 69 74 51 37 19 3 6 8 0 2 1 1 0 0 0 0 0 0 0 1 0 0 1 1 2 10 31 62 68 60 70 62 26 7
3 22 51 68 68 72 55 31 12 4 1 0 0 0 0 0 0 0 2 3 4 12 39 63 68 66 67 61 52 25 18 8 1 0 0 0 0 2 1 1 1 0 0 0 0 0 0 0 0 0 0 0 0 10 17 30 49 64 69 65 58 16
5 20 40 50 46 43 31 16 7 3 1 0 0 0 0 0 0 0 1 3 4 10 27 39 35 28 26 20 10 14 8 1 0 0 0 0 0 2 1 1 1 0 0 0 0 0 0 0 0 0 0 0 0 6 6 14 27 41 47 47 43 13
2 9 20 21 14 16 10 5 4 3 3 1 0 0 0 0 0 0 1 2 2 3 11 14 7 3 5 3 2 3 0 0 0 0 0 0 0 2 1 1 1 1 0 0 0 0 0 0 0 0 0 0 0 7 5 5 7 12 15 15 12 9
1 3 7 5 5 7 5 4 3 4 3 0 0 0 0 0 0 0 0 1 1 2 4 2 0 0 6 8 3 0 0 0 0 0 0 0 0 1 1 1 1 1 1 0 0 0 0 0 0 0 0 0 0 12 8 3 3 3 3 3 3 4
3 4 6 4 1 7 5 3 2 2 2 0 0 0 0 0 0 0 0 0 0 3 2 0 0 0 2 2 0 0 0 0 0 0 0 0 0 1 1 1 1 1 1 1 1 1 0 0 0 0 0 0 0 2 2 2 1 2 2 3 3 0
1 1 3 4 4 2 1 0 0 0 0 3 3 1 0 0 0 0 0 0 0 0 0 0 0 0 1 0 0 0 1 2 2 0 0 0 0 1 1 1 1 1 1 1 1 1 1 1 0 0 0 0 0 1 1 1 2 2 1 0 0 0
0 0 0 0 0 0 0 0 0 0 0 3 5 1 1 0 0 0 0 0 0 0 0 0 0 2 2 3 6 0 2 4 2 1 1 2 4 1 1 1 1 1 1 1 1 1 1 1 1 0 0 0 0 3 3 3 0 0 0 0 0 0
2 0 0 0 0 0 0 0 0 1 1 2 3 2 1 1 0 0 0 0 0 0 0 0 1 0 0 0 2 1 1 2 2 3 2 4 8 1 1 1 1 1 2 2 2 2 1 1 1 1 0 0 0 1 0 0 0 0 0 0 0 0
0 0 0 0 1 0 0 0 0 0 0 0 0 0 3 6 10 12 16 18 18 11 17 17 4 1 0 0 0 0 2 4 4 4 4 3 2 2 2 2 2 2 2 2 2 2 2 2 2 2 2 2 2 0 0 0 0 0 0 0 0 3
0 1 2 3 3 0 0 0 0 0 0 0 1 5 22 44 60 64 64 64 65 54 54 40 17 2 2 1 0 1 3 4 5 4 4 3 2 0 0 0 0 0 0 0 0 0 0 0 0 0 0 0 0 0 0 0 0 0 0 0 0 1
5 8 7 6 7 3 3 2 2 2 2 2 3 4 18 50 68 70 66 68 70 77 69 49 20 2 0 2 0 1 2 4 4 4 3 2 1 0 0 0 0 0 0 0 0 0 0 0 0 0 0 0 0 4 4 4 3 3 3 3 3 2
5 12 12 11 11 9 8 8 8 8 7 7 7 20 37 55 63 61 58 62 67 54 48 31 10 3 2 3 3 3 5 6 6 5 4 4 3 2 2 2 2 2 2 2 2 2 2 2 2 2 2 2 2 11 11 10 10 9 8 6 6 12
37 55 65 68 69 65 65 65 64 64 64 64 62 60 64 68 68 64 63 66 68 77 74 67 60 56 59 60 60 60 61 62 62 61 61 59 58 62 62 62 62 62 62 62 62 62 62 62 62 62 62 62 62 69 69 68 67 66 64 62 60 26
32 57 68 70 73 68 68 68 67 67 66 66 66 66 65 64 65 66 65 63 61 72 71 70 68 68 67 65 63 66 67 69 67 67 66 64 64 71 71 71 71 71 71 71 71 71 71 71 71 71 71 71 71 73 72 71 70 68 66 64 62 36
37 63 71 71 72 66 66 66 67 67 67 68 67 69 68 68 69 70 71 69 68 78 75 72 71 72 71 67 67 69 71 71 71 70 69 67 66 73 73 73 73 73 73 73 73 73 73 73 73 73 73 73 73 70 71 69 68 67 65 63 61 35
34 62 70 70 71 64 65 65 66 67 68 69 69 74 73 70 67 66 66 70 72 80 74 68 68 69 70 69 71 72 73 73 73 71 69 68 67 70 70 70 70 70 70 70 70 70 70 70 70 70 70 70 70 68 68 66 66 65 64 62 61 30
29 51 65 68 64 57 58 62 67 66 62 66 74 74 67 67 75 77 72 68 70 68 69 70 69 68 66 65 66 70 64 68 73 67 66 69 63 59 59 59 59 59 59 59 59 59 59 59 59 59 59 59 59 61 60 61 60 60 59 58 57 21
2 11 16 12 12 5 8 9 8 10 22 42 58 70 75 74 70 72 75 66 50 12 10 6 4 4 5 9 12 11 10 11 11 8 6 5 3 3 3 3 3 3 3 3 3 3 3 3 3 3 3 3 3 6 5 6 6 6 6 5 5 12
3 5 6 6 8 0 1 2 4 8 27 57 75 66 79 77 65 68 76 57 23 0 0 0 0 0 0 0 0 7 4 9 8 1 0 2 0 0 0 0 0 0 0 0 0 0 0 0 0 0 0 0 0 0 0 0 0 0 0 0 1 2
1 2 4 7 10 0 5 6 4 14 43 67 74 66 77 75 67 67 68 42 13 0 0 0 0 0 0 0 0 0 0 2 2 0 0 0 0 4 4 4 4 4 4 4 4 4 4 4 4 4 4 4 4 0 0 0 0 0 0 0 1 0
0 0 0 0 1 0 0 1 4 22 51 65 60 71 69 68 70 68 50 23 8 0 0 0 0 0 0 0 4 4 5 11 10 2 5 4 0 5 5 5 5 5 5 5 5 5 5 5 5 5 5 5 5 0 0 0 0 0 0 0 0 0
3 1 1 1 2 6 4 3 10 35 64 73 68 72 62 63 72 61 30 7 3 0 0 0 0 0 8 29 46 57 56 60 58 52 53 45 24 5 5 5 5 5 5 5 5 5 5 5 5 5 5 5 5 0 0 0 0 0 0 0 1 1
0 0 0 0 0 4 3 5 20 45 64 70 68 70 62 63 66 46 13 0 1 3 5 3 2 4 16 44 69 73 72 74 73 70 71 57 29 0 0 0 0 0 0 0 0 0 0 0 0 0 0 0 0 2 2 2 1 1 1 0 0 0
1 2 0 0 0 4 5 12 36 58 66 68 67 67 65 65 59 34 3 0 0 7 9 10 7 8 16 45 71 73 71 73 74 75 77 61 29 0 0 0 0 0 0 0 0 0 0 0 0 0 0 0 0 5 5 4 4 3 3 2 2 0
0 0 0 0 0 0 0 7 42 63 62 60 67 72 57 62 57 18 0 0 0 0 0 2 12 5 10 52 69 67 79 74 72 64 63 55 13 1 1 1 1 2 2 2 2 2 2 3 3 3 4 4 4 6 6 6 7 7 4 3 2 0
0 0 0 0 0 0 3 24 53 68 68 68 73 73 72 65 39 6 2 0 0 2 2 0 3 4 8 46 62 68 79 71 68 62 61 54 13 1 2 2 2 2 2 2 2 2 3 3 3 3 4 4 4 8 5 4 2 2 1 0 0 0
0 0 0 0 0 8 22 48 66 73 74 76 78 72 84 67 26 9 5 3 2 0 0 0 2 1 9 50 66 70 76 67 67 64 65 59 18 3 3 3 3 3 3 3 3 3 3 3 4 4 4 4 4 6 2 1 0 0 2 2 0 0
0 0 0 0 1 15 40 66 73 73 76 77 76 61 73 46 12 8 5 2 0 0 0 0 2 0 3 44 60 66 73 66 71 71 71 64 25 0 0 0 0 0 0 0 0 0 0 0 0 1 1 1 1 0 0 0 0 0 0 0 0 0
0 1 1 1 1 23 50 72 72 68 70 72 69 70 59 25 6 8 3 0 0 0 3 2 7 0 2 43 63 62 70 67 74 74 71 62 24 0 0 0 0 0 0 0 0 0 0 0 0 0 0 0 0 0 2 5 3 0 0 0 0 0
1 1 1 3 4 38 57 71 69 63 63 65 62 68 37 3 0 0 0 0 0 1 1 0 0 1 3 44 65 62 71 68 75 71 65 60 26 0 0 0 0 0 0 0 0 0 0 0 0 0 0 0 0 0 0 0 0 0 0 0 4 0
1 2 2 5 7 58 65 70 68 64 61 62 62 50 20 3 4 1 0 0 0 7 7 5 8 4 9 43 54 63 71 69 75 69 65 66 39 6 6 6 6 5 5 5 5 5 5 4 4 4 3 3 3 4 3 3 2 6 5 0 0 0
2 2 4 8 9 75 72 72 72 69 65 65 68 69 52 57 66 59 57 61 47 68 65 59 68 60 55 69 63 63 71 69 75 70 69 77 56 65 65 65 65 65 65 65 65 64 64 64 63 63 63 63 63 64 59 57 61 64 53 27 5 1
9 5 4 16 46 75 77 78 77 74 72 71 71 66 67 70 72 73 72 70 69 74 71 72 70 66 60 63 69 68 74 68 65 72 71 63 64 74 73 73 74 76 77 76 74 76 76 75 75 75 75 75 75 65 68 66 61 60 56 34 7 3
2 3 4 22 50 71 70 70 72 73 74 74 73 76 74 73 71 72 72 75 76 74 70 70 72 72 69 69 72 69 75 71 65 68 67 64 68 79 79 79 77 75 75 76 77 77 76 76 76 76 76 76 76 74 74 70 66 68 63 36 6 4
2 3 15 41 65 76 73 70 71 73 75 74 72 73 73 72 72 73 76 79 80 78 72 68 70 71 67 64 65 69 74 74 67 62 65 65 65 69 70 71 69 66 65 67 71 71 71 71 71 71 71 71 71 74 72 68 67 71 63 35 6 4
1 2 19 40 54 58 58 57 57 57 60 61 63 57 59 61 63 64 63 62 61 73 69 66 66 65 65 71 80 70 71 73 69 63 65 62 49 53 54 55 56 56 57 56 57 55 56 56 56 56 56 57 57 68 66 64 65 67 62 41 17 3
1 2 5 12 14 0 0 1 3 1 3 8 13 8 9 9 8 7 5 4 4 9 9 10 11 11 20 42 65 72 68 72 71 64 68 57 28 0 0 0 0 1 1 0 0 2 3 3 4 4 4 4 5 11 12 12 12 12 9 5 3 2
2 1 2 3 3 0 1 4 3 1 2 4 4 4 3 3 2 0 0 3 6 0 0 4 3 5 16 46 76 73 66 72 72 64 70 55 15 0 0 0 0 0 0 0 0 0 0 0 1 1 2 2 3 6 5 5 4 2 2 4 5 0
4 5 4 4 6 0 1 1 3 11 13 10 8 8 7 6 5 1 0 0 0 0 0 0 0 0 8 37 67 72 64 74 74 61 68 58 15 0 0 0 1 1 2 10 18 7 8 9 10 11 11 11 11 5 1 0 0 0 0 0 0 0
1 2 2 2 5 7 4 9 29 52 66 64 56 61 64 64 60 47 25 5 0 0 0 0 0 0 12 40 66 70 64 77 75 58 66 62 20 5 10 13 8 7 11 32 51 64 65 66 67 68 69 69 69 9 1 0 0 0 0 0 0 0
0 0 0 0 0 0 1 12 36 59 70 71 68 69 67 67 53 62 17 5 7 4 2 4 2 4 4 48 59 65 69 68 72 65 68 65 21 4 4 2 0 0 0 14 50 65 68 73 74 71 66 63 62 32 14 5 2 0 0 0 0 0
0 0 0 0 0 1 1 8 38 62 70 70 69 68 65 66 57 47 13 5 6 4 2 4 2 4 4 48 59 66 69 68 73 65 68 66 21 4 4 0 0 0 0 10 43 64 67 70 72 71 68 65 64 37 13 3 3 0 0 0 0 0
0 0 0 0 0 2 0 5 41 66 70 67 71 67 64 64 62 27 7 4 3 4 1 3 1 4 4 48 59 66 70 68 73 66 69 66 21 4 5 0 0 0 0 6 29 63 66 68 69 70 69 68 66 45 12 4 4 2 0 0 1 0
0 0 0 0 0 3 0 5 45 72 70 67 73 68 66 65 63 9 4 2 3 3 1 2 1 3 4 48 59 66 70 69 73 66 69 66 21 4 4 0 0 2 0 2 16 61 66 68 68 70 71 69 66 52 11 4 5 4 0 0 1 0
0 0 0 0 0 0 0 9 50 74 69 67 75 69 69 63 56 4 2 1 2 2 0 2 0 3 4 48 59 66 71 70 73 66 69 66 21 3 4 0 0 2 0 2 8 54 65 71 69 69 71 70 65 58 15 5 3 4 0 0 0 0
0 0 0 0 0 0 0 18 55 74 70 69 75 71 71 60 38 4 1 0 0 1 0 1 0 2 4 48 60 66 71 70 74 67 69 66 22 0 3 0 0 1 0 1 5 39 58 70 71 69 70 70 65 62 23 6 3 1 0 0 0 0
0 0 0 0 0 0 4 29 58 72 71 70 73 70 71 55 18 6 0 0 0 0 0 1 0 2 4 48 60 67 72 70 74 67 69 66 21 0 2 0 0 0 0 1 5 20 46 67 69 67 70 70 67 65 32 9 4 1 0 0 0 0
0 0 0 0 0 0 10 35 60 71 72 71 71 69 70 50 5 9 0 0 0 0 0 0 0 2 4 49 61 68 72 70 74 67 69 66 21 0 2 0 0 1 0 1 6 6 35 62 68 65 68 70 69 68 40 17 6 1 0 3 0 0
0 0 0 0 0 0 10 54 63 70 79 65 76 78 48 21 10 4 0 0 0 0 0 0 6 2 4 47 68 74 68 65 82 66 60 68 22 0 0 0 0 0 0 1 2 4 17 55 72 61 65 76 67 65 70 10 9 2 0 0 0 0
0 0 0 1 1 3 23 59 67 68 72 68 72 72 40 13 4 3 0 0 0 0 0 0 4 3 7 47 62 72 68 65 78 66 63 65 18 0 0 0 0 0 0 1 1 3 9 36 63 67 66 69 71 69 66 29 6 6 0 0 0 0
0 1 1 1 1 6 41 64 72 67 64 73 66 59 29 6 3 1 2 0 0 0 0 0 5 3 12 48 60 69 68 67 71 65 68 62 14 0 0 0 0 1 1 1 1 1 2 16 47 71 67 64 75 74 63 52 7 7 0 0 0 0
1 3 1 0 0 16 58 64 71 67 63 79 59 37 16 3 1 1 2 1 0 1 3 0 6 4 13 51 63 68 69 70 68 66 72 55 11 0 0 0 1 2 2 1 0 0 0 3 27 66 71 64 74 74 63 64 11 3 3 0 1 0
4 4 0 0 0 37 67 62 67 69 66 76 48 15 7 1 0 1 0 1 2 1 7 3 6 5 10 53 66 69 70 74 66 66 69 44 10 0 0 1 3 3 3 1 0 0 4 0 9 49 73 69 71 72 67 65 31 4 9 0 0 0
4 3 0 0 5 57 70 65 65 69 67 59 33 5 1 3 2 0 1 3 4 1 5 2 4 5 16 56 67 69 68 75 65 65 62 28 7 0 0 2 3 4 4 2 0 0 2 0 1 26 60 71 68 69 69 63 53 5 10 0 0 0
2 0 0 6 22 70 66 72 68 69 64 34 15 3 0 0 0 0 2 4 5 2 3 2 8 13 32 67 66 69 65 75 64 62 50 10 4 0 1 3 4 5 4 2 0 0 0 0 0 9 39 65 70 71 69 66 65 26 3 3 0 0
0 0 0 14 36 75 63 79 72 68 59 15 5 5 0 0 0 0 4 6 6 2 2 3 12 27 49 76 67 69 62 74 64 60 42 5 3 0 1 3 5 5 4 2 0 1 0 0 0 4 23 59 73 73 66 71 69 44 1 13 0 0
12 9 11 33 69 76 61 61 71 60 26 3 1 0 0 0 0 0 0 1 1 35 59 68 64 70 75 72 74 66 71 72 60 37 17 6 5 0 0 0 0 0 0 0 0 5 0 0 0 0 1 21 45 75 64 62 69 65 41 14 8 6
5 10 25 52 72 62 67 68 55 31 11 4 5 0 0 0 0 0 0 1 1 47 69 76 71 74 75 71 71 74 71 63 46 25 9 5 4 0 0 0 0 0 0 0 0 4 0 0 1 0 0 7 24 64 68 69 64 60 51 31 8 6
4 11 43 62 64 62 73 64 30 7 4 5 0 0 0 0 0 0 0 1 1 37 57 65 63 68 68 64 66 68 58 42 24 7 4 2 1 0 0 0 0 0 0 0 0 2 0 0 2 0 0 0 5 42 65 74 63 59 61 42 11 6
5 25 56 68 61 71 63 39 8 5 9 6 0 0 0 0 0 0 1 1 2 39 56 62 62 66 66 61 63 41 31 17 5 3 1 0 1 0 0 0 0 0 0 0 0 0 0 0 2 4 0 0 1 14 44 65 64 65 70 53 26 5
15 37 54 60 59 57 38 13 5 4 7 2 0 0 0 0 0 0 1 2 2 30 42 43 40 41 35 27 28 14 8 4 2 0 0 0 0 0 0 0 0 0 0 0 0 0 0 0 0 3 2 1 1 10 18 38 52 58 60 54 45 4
12 24 25 24 27 22 10 4 3 1 0 0 6 0 0 0 0 0 1 2 2 0 7 6 4 7 3 4 3 4 2 2 0 1 0 0 0 0 0 0 0 0 0 0 0 1 0 0 0 0 0 0 0 9 8 13 23 26 21 22 29 3
2 4 3 4 5 3 3 2 5 0 0 0 6 0 0 0 0 0 1 2 2 0 0 0 0 5 2 1 7 2 1 2 1 0 0 0 0 0 0 0 0 0 0 0 0 0 0 0 0 0 0 0 0 12 5 5 5 4 4 3 2 1
第 2 个通道
0 2 2 4 4 2 2 2 2 2 4 4 4 6 20 38 50 56 56 57 59 60 57 41 17 5 4 2 2 2 2 2 2 2 2 2 2 2 2 2 2 2 2 2 2 2 2 2 2 2 2 2 2 2 2 2 2 2 2 2 2 2
2 2 4 4 5 2 4 4 4 4 4 5 5 5 22 48 65 68 64 65 65 58 54 35 10 4 5 9 6 4 4 4 4 4 4 4 4 4 4 4 4 4 4 4 4 4 4 4 4 4 4 4 4 4 4 4 4 4 4 2 2 2
2 7 8 5 7 4 4 4 4 5 5 5 7 7 37 60 62 58 64 68 65 66 46 21 6 5 5 5 5 5 5 5 5 5 5 5 5 5 5 5 5 5 5 5 5 5 5 5 5 5 5 5 5 5 5 5 5 4 4 4 2 5
2 18 27 28 31 32 30 27 27 28 31 31 30 31 50 64 64 64 67 68 65 58 45 30 22 22 25 26 25 25 25 25 25 25 25 25 25 25 25 25 25 25 25 25 25 20 20 20 20 20 20 20 20 26 26 26 24 24 24 23 23 22
13 42 61 63 63 61 58 55 57 60 62 62 62 59 61 66 67 66 65 64 63 65 61 57 56 57 59 60 60 58 58 58 58 58 58 58 58 58 58 58 58 58 58 58 58 63 63 63 63 63 63 63 63 61 61 59 59 59 57 57 56 43
7 42 63 66 64 59 57 55 57 60 64 64 62 71 66 63 65 66 63 64 68 60 61 62 62 61 60 60 61 60 60 60 60 60 60 60 60 60 60 60 60 60 60 60 60 60 60 60 60 60 60 60 60 64 64 64 64 62 62 60 59 52
7 42 65 66 65 60 60 61 63 64 64 63 64 68 64 64 67 66 64 66 72 63 65 66 65 62 61 62 63 62 62 62 62 62 62 62 62 62 62 62 62 62 62 62 62 62 62 62 62 62 62 62 62 66 66 66 64 64 62 60 60 52
15 44 63 66 66 61 63 64 61 58 58 64 68 63 65 67 68 69 70 68 66 60 61 61 60 59 59 60 62 60 60 60 60 60 60 60 60 60 60 60 60 60 60 60 60 65 65 65 65 65 65 65 65 64 63 63 63 61 59 59 57 43
4 21 33 33 36 26 30 31 27 23 30 45 58 64 67 68 66 72 73 60 43 28 27 27 28 29 29 28 28 29 29 29 29 29 29 29 29 29 29 29 29 29 29 29 29 24 24 24 24 24 24 24 24 31 31 30 30 28 28 26 24 24
4 10 14 12 14 9 10 12 9 11 21 46 66 65 68 66 64 70 72 50 21 10 9 9 10 11 11 9 9 9 9 9 9 9 9 9 9 9 9 9 9 9 9 9 9 9 9 9 9 9 9 9 9 12 12 12 11 9 9 7 5 7
0 0 0 0 0 0 0 0 4 7 29 67 74 73 72 71 71 68 55 30 7 2 2 7 4 10 10 9 16 11 12 7 9 4 4 15 2 2 2 2 2 2 2 2 2 2 2 2 2 2 2 2 2 0 0 0 0 0 0 0 0 0
0 0 0 0 0 0 0 0 4 11 40 66 75 71 71 71 70 65 45 21 4 2 2 5 4 8 11 9 31 19 21 14 22 16 12 20 2 2 2 2 2 2 2 2 2 2 2 2 2 2 2 2 2 0 0 0 0 0 0 0 0 0
0 0 0 0 0 0 2 0 4 26 54 68 73 69 68 70 70 58 30 10 2 3 0 6 4 5 12 16 51 63 65 60 67 65 58 59 32 2 2 2 2 2 2 2 2 2 2 2 2 2 2 2 2 0 0 0 0 0 0 0 0 0
0 0 0 0 0 0 6 2 4 40 66 66 69 67 67 69 68 47 18 0 0 1 0 5 2 4 8 20 62 61 62 56 62 62 57 54 23 0 0 0 0 0 0 0 0 0 0 0 0 0 0 0 0 0 0 0 0 0 0 0 0 0
0 0 0 0 0 0 5 3 14 50 70 65 66 66 67 67 58 36 6 0 0 0 0 5 1 4 6 18 64 70 71 63 70 71 71 67 34 0 0 0 0 0 0 0 0 0 0 0 0 0 0 0 0 0 0 0 0 0 0 0 0 0
0 0 0 0 0 2 2 10 30 57 66 63 64 65 67 64 46 19 0 0 0 0 0 2 1 3 5 16 62 63 67 59 63 63 66 65 32 0 0 0 0 0 0 0 0 0 0 0 0 0 0 0 0 2 2 2 2 2 2 0 0 0
0 0 0 0 0 6 4 19 51 63 61 64 66 61 67 58 31 7 0 0 0 0 0 0 1 3 4 16 65 66 74 68 70 68 70 69 35 0 0 0 0 0 0 0 0 0 0 0 0 0 0 0 0 2 2 2 2 2 2 2 2 2
0 0 0 0 0 12 5 26 64 66 57 63 65 58 65 54 22 0 0 0 0 0 0 0 0 4 5 18 67 62 74 72 73 69 69 66 32 0 0 0 0 0 0 0 0 0 0 0 0 0 0 0 0 4 4 4 4 4 4 2 2 2
1 0 1 1 0 7 22 44 64 67 61 60 65 64 57 38 11 0 0 0 0 0 3 0 0 15 5 14 66 68 68 70 67 68 78 67 36 2 2 2 2 2 2 2 2 1 1 1 1 1 1 1 1 10 5 8 9 4 7 8 2 2
0 0 2 2 2 10 31 56 67 65 60 61 64 67 51 27 7 2 1 2 0 0 3 0 0 12 5 16 68 68 67 71 69 69 76 64 33 2 2 2 2 2 2 2 2 2 2 2 2 2 2 2 2 7 7 10 8 5 5 10 5 2
0 1 2 3 3 17 44 66 69 62 61 62 62 66 43 18 6 8 8 7 6 0 7 4 5 10 7 22 69 67 67 72 71 69 72 60 32 7 7 7 7 7 7 7 7 8 8 8 8 8 8 8 8 9 9 13 11 7 7 14 7 4
1 2 1 0 1 35 58 72 67 59 64 65 60 53 30 11 11 15 13 10 12 2 8 7 8 13 9 21 53 68 67 70 69 66 72 62 40 11 11 11 11 11 11 11 11 12 12 12 12 12 12 12 12 12 11 15 14 7 12 8 4 4
4 3 0 0 3 53 65 69 61 60 70 70 61 80 67 60 63 66 62 62 68 56 58 55 57 64 62 66 80 69 67 69 68 63 70 69 54 61 61 61 61 61 61 61 61 62 62 62 62 62 62 62 62 67 63 64 62 61 62 46 16 4
5 1 0 2 14 64 67 64 59 62 69 69 61 65 63 66 69 70 67 69 75 61 58 59 61 64 66 65 65 70 66 69 66 62 69 71 61 65 65 65 65 65 65 65 65 65 65 65 65 65 65 65 65 71 65 64 65 65 65 42 5 4
4 0 0 12 34 65 64 64 64 65 65 65 64 64 70 73 70 72 75 77 75 63 61 63 65 64 68 71 64 69 66 68 68 62 65 70 60 68 68 68 68 68 68 68 68 67 67 67 67 67 67 67 67 71 67 67 66 65 68 44 5 4
3 0 0 21 49 61 62 66 70 67 61 61 66 67 74 74 68 70 79 80 73 63 61 66 66 59 65 73 67 68 65 69 70 62 63 64 57 66 66 66 66 66 66 66 66 65 65 65 65 65 65 65 65 66 65 68 65 62 66 46 9 4
0 1 9 20 28 41 39 40 40 40 40 43 46 40 45 38 36 44 45 36 37 36 33 33 35 45 39 34 74 66 71 62 64 61 66 72 42 48 45 44 44 44 41 41 45 41 39 39 39 37 37 37 37 45 40 40 38 37 41 31 5 2
0 0 2 7 11 0 0 2 2 4 5 7 7 8 13 5 4 2 2 0 1 1 0 0 2 11 9 11 56 64 70 64 66 62 64 65 33 10 7 7 9 10 6 5 6 5 5 3 3 3 1 1 1 7 5 8 7 4 8 8 2 2
2 0 0 0 0 8 6 6 8 8 9 8 7 7 12 6 4 8 5 3 11 0 0 0 2 7 7 16 67 61 69 65 69 63 61 58 23 5 5 5 5 7 5 5 5 6 6 6 6 4 4 4 4 5 5 9 7 4 5 13 6 2
3 3 2 1 1 0 0 2 4 5 11 13 10 9 13 8 10 15 6 0 0 0 0 2 2 4 5 13 66 60 69 65 69 63 61 57 21 4 4 5 7 6 5 11 19 9 9 9 10 10 10 10 10 13 6 9 9 4 4 9 6 2
1 2 3 4 4 7 8 7 14 31 52 61 59 59 60 57 58 59 37 13 5 0 0 2 2 4 5 7 60 62 69 64 67 62 62 61 26 0 1 4 5 2 2 15 31 55 56 56 58 58 58 58 58 21 5 5 7 4 4 4 2 2
0 0 0 1 1 2 2 2 9 31 58 68 66 64 64 63 65 62 33 5 2 0 0 5 5 11 7 15 67 63 69 64 66 62 63 63 30 0 4 7 5 0 2 17 36 61 61 63 65 65 67 67 67 36 11 5 12 12 10 8 2 2
0 0 1 0 0 6 7 8 13 36 61 68 59 57 62 62 62 53 25 2 5 0 0 0 2 6 5 12 64 62 69 64 67 62 62 62 28 0 0 0 0 0 0 5 17 57 59 61 61 63 64 64 64 41 11 5 7 6 4 4 2 2
0 3 5 4 1 2 3 7 16 41 65 69 57 63 69 68 62 44 13 2 8 1 0 0 2 7 7 14 65 61 69 65 68 63 61 59 24 0 0 0 0 0 0 0 6 58 60 62 64 65 67 67 67 52 19 5 9 4 4 4 4 2
0 0 0 0 0 2 5 7 9 61 63 62 62 64 64 67 59 33 7 4 7 0 0 1 2 6 5 13 65 65 65 64 70 61 63 66 24 0 0 0 0 0 0 0 4 35 55 67 64 62 70 73 66 52 24 5 4 4 4 4 4 2
0 0 0 0 0 5 6 8 21 62 66 63 66 64 67 66 51 25 5 4 7 0 0 1 2 6 5 13 65 65 65 64 70 61 63 66 24 0 0 0 0 0 0 0 4 26 49 66 66 63 68 71 67 56 28 5 4 5 4 4 4 2
0 0 0 0 0 5 6 8 40 64 68 60 70 64 69 62 41 15 5 4 6 0 0 1 2 6 5 13 65 65 65 64 70 61 63 66 24 0 0 0 0 0 0 0 4 13 40 64 69 65 66 67 66 61 35 10 4 6 6 5 4 2
0 0 0 0 0 4 7 11 55 63 70 57 72 65 69 59 30 7 5 5 5 0 0 1 2 6 5 13 65 65 65 64 70 61 63 66 24 0 0 0 0 0 0 2 4 5 30 58 71 69 64 67 69 65 42 16 4 4 7 6 3 2
0 0 0 0 0 5 7 19 64 61 66 57 71 68 65 49 21 7 5 7 7 0 0 1 2 6 5 13 65 65 65 64 70 61 63 66 24 0 0 0 0 0 0 2 4 5 21 46 65 70 65 65 69 65 48 25 6 4 6 6 2 2
0 0 0 0 0 5 9 34 66 62 62 62 67 68 57 36 15 7 7 8 8 0 0 1 2 6 5 13 65 65 65 64 70 61 63 66 24 0 0 0 0 0 0 2 4 5 10 32 56 67 66 65 68 63 55 35 12 4 4 6 2 2
0 0 0 0 0 8 12 49 65 63 58 70 64 67 46 22 10 7 8 7 7 0 0 1 2 6 5 13 65 65 65 64 70 61 63 66 24 0 0 0 0 0 2 2 4 7 5 16 43 64 65 62 64 62 61 46 18 4 4 6 2 2
0 0 0 0 0 10 15 59 66 65 56 75 62 65 38 13 9 11 8 5 7 0 0 1 2 6 5 13 65 65 65 64 70 61 63 66 24 0 0 0 0 2 2 2 4 10 5 7 34 58 64 61 61 61 66 53 23 4 4 7 3 2
1 0 0 0 7 12 41 66 68 61 61 61 57 31 13 2 0 1 0 0 0 0 0 0 0 2 7 32 68 79 72 73 68 62 74 57 9 0 0 0 0 0 0 0 0 2 5 2 4 27 56 62 48 70 60 64 51 13 9 8 5 4
2 2 0 0 1 25 55 71 63 58 68 64 48 20 7 2 0 2 0 0 0 0 0 0 2 2 8 35 64 69 74 76 70 64 65 49 18 0 0 0 0 0 0 0 0 0 3 2 2 17 41 56 58 69 66 69 60 27 9 7 8 4
3 5 2 0 0 43 67 74 59 56 68 59 30 7 2 2 2 2 0 0 0 0 0 0 0 5 17 44 68 67 72 68 66 71 60 33 14 0 0 0 0 0 0 0 0 0 1 1 0 5 21 45 64 63 69 71 66 45 12 7 11 4
2 1 0 2 8 56 68 70 60 60 60 39 11 4 2 3 2 0 0 0 0 0 0 0 0 11 32 56 74 68 69 57 62 77 54 15 4 0 0 0 0 0 0 0 0 1 0 0 0 0 5 30 56 59 68 65 62 58 25 5 10 4
2 0 0 11 27 63 62 64 67 62 45 19 4 4 5 5 1 0 0 0 1 0 4 13 23 33 51 64 71 65 71 64 64 66 39 3 0 0 0 0 0 0 0 0 0 5 0 0 1 0 0 15 35 60 66 60 60 63 38 7 5 4
1 0 0 23 46 67 61 61 65 54 26 7 4 7 7 6 0 0 0 1 1 2 23 46 57 62 67 67 63 61 72 73 60 42 14 0 3 0 0 0 0 0 0 0 0 5 0 0 1 1 0 5 15 56 63 61 61 65 49 23 5 4
1 0 9 34 58 62 62 60 48 29 10 4 6 4 6 2 0 0 2 3 0 8 37 64 69 67 67 67 61 64 62 60 42 15 1 1 0 0 0 0 0 0 0 0 0 2 1 1 1 1 0 1 4 32 46 62 62 59 60 42 12 2
1 5 17 41 62 55 62 56 31 5 4 4 7 2 3 1 0 1 6 5 0 9 39 63 60 54 58 64 65 72 49 33 16 0 1 5 0 0 0 0 0 0 0 0 0 0 2 3 1 0 1 1 1 5 26 57 63 54 64 57 19 2
0 16 42 57 56 62 47 25 9 4 4 2 2 2 2 0 0 0 0 0 0 12 38 61 66 66 66 61 50 25 17 6 0 0 0 0 0 0 0 0 0 0 0 0 0 0 0 0 0 0 0 0 0 7 13 26 44 59 64 58 52 11
2 14 32 40 35 34 23 10 3 2 3 4 3 2 0 0 0 0 0 0 0 12 29 40 36 29 27 21 10 15 10 3 0 0 0 0 0 0 0 0 0 0 0 0 0 0 0 0 0 0 0 0 0 2 2 9 22 35 41 41 38 9
0 5 14 13 5 10 5 2 2 3 5 2 0 0 0 0 0 0 0 0 0 8 16 18 11 7 7 5 4 6 2 0 0 0 0 0 0 0 0 0 0 0 0 0 0 0 0 0 0 0 0 0 0 5 3 2 4 9 12 9 7 5
0 0 3 0 0 2 1 0 1 3 3 1 0 0 0 0 0 0 0 0 0 9 9 7 5 5 9 11 7 2 2 0 0 0 0 0 0 0 0 0 0 0 0 0 0 0 0 0 0 0 0 0 0 9 5 0 0 0 0 0 0 2
2 3 5 3 0 3 1 0 0 2 2 1 0 0 0 0 0 0 0 0 0 10 9 6 4 4 7 4 2 0 0 1 2 1 0 0 0 0 0 0 0 0 0 0 0 0 0 0 0 0 0 0 0 0 0 0 0 1 2 3 3 0
1 2 4 5 5 1 0 0 0 0 0 0 2 0 0 0 0 0 0 2 2 4 4 4 2 2 4 1 0 0 2 3 3 3 2 2 3 0 0 0 0 0 0 0 0 0 0 0 0 0 0 0 0 0 0 0 0 1 1 0 2 0
0 0 0 1 3 0 0 0 0 0 0 0 1 0 0 0 0 0 2 2 2 4 2 2 3 3 3 4 6 0 1 3 4 2 2 5 7 0 0 0 0 0 0 0 0 0 0 0 0 0 0 0 0 1 1 2 0 0 0 0 0 0
3 2 0 0 3 0 0 1 0 0 0 0 0 0 0 0 0 0 2 2 2 4 4 4 5 0 0 0 2 0 0 1 2 2 4 6 9 0 0 0 0 0 0 0 0 0 0 0 0 0 0 0 0 0 0 0 0 0 0 0 0 0
0 0 0 2 2 0 0 0 0 0 0 0 0 0 0 2 2 4 6 6 5 7 15 15 2 0 0 0 0 0 0 0 0 0 0 0 0 0 0 0 0 0 0 0 0 0 0 0 0 0 0 0 0 0 0 0 0 0 0 0 0 7
0 0 2 2 2 5 5 3 3 3 3 3 3 5 22 41 55 59 57 57 57 54 54 41 19 4 3 0 0 0 0 0 0 0 0 1 1 0 0 0 0 0 0 0 0 0 0 0 0 0 0 0 0 1 1 1 1 1 1 3 3 3
3 4 4 4 4 7 7 7 7 7 7 7 7 9 21 51 69 70 65 65 67 80 74 54 25 8 5 5 1 0 0 0 2 4 4 5 5 4 4 4 4 4 4 4 4 4 4 4 4 4 4 4 4 2 2 2 2 2 2 2 2 2
0 6 7 4 5 12 12 12 12 12 12 14 14 27 42 62 69 67 63 66 71 60 54 38 18 12 11 11 9 5 5 7 7 9 11 11 11 11 11 11 11 11 11 11 11 11 11 11 11 11 11 11 11 5 5 5 5 5 4 4 4 12
31 49 57 58 60 68 68 68 70 70 70 70 71 68 72 77 77 73 71 73 75 81 79 73 67 64 66 66 65 63 63 64 64 66 66 68 68 68 68 68 68 68 68 68 68 68 68 68 68 68 68 68 68 61 61 61 59 59 59 57 57 24
27 50 58 60 61 70 70 70 71 71 73 73 75 75 74 73 74 75 74 72 70 73 71 72 71 72 73 69 66 66 66 66 68 68 70 70 70 71 71 71 71 71 71 71 71 71 71 71 71 71 71 71 71 63 63 63 63 61 61 59 57 33
33 56 62 62 61 67 67 69 69 70 72 72 74 76 75 75 76 77 78 75 74 72 70 69 70 73 70 67 65 67 67 67 67 67 67 69 69 70 70 70 70 70 70 70 70 70 70 70 70 70 70 70 70 65 63 63 63 62 60 60 58 32
32 58 63 62 62 64 64 66 66 68 70 71 73 77 76 73 68 67 67 71 73 70 65 61 63 66 67 66 67 64 64 66 66 66 66 66 66 68 68 68 68 68 68 68 68 68 68 68 68 68 68 68 68 66 66 66 64 63 63 61 59 28
29 50 61 63 58 57 57 62 67 65 62 66 74 73 66 66 71 72 67 62 64 59 61 64 65 64 63 64 63 65 58 62 67 61 62 66 62 62 62 62 62 62 62 62 62 62 62 62 62 62 62 62 62 65 65 63 63 62 60 58 58 21
4 11 14 11 9 5 7 8 5 9 20 39 55 65 69 68 62 64 65 54 39 6 4 4 4 5 6 11 13 9 7 7 8 5 5 5 5 7 7 7 7 7 7 7 7 7 7 7 7 7 7 7 7 14 14 13 13 11 9 9 7 13
6 7 6 7 7 0 0 0 4 5 25 54 70 60 72 70 55 56 63 44 11 0 0 0 0 2 4 4 5 10 6 10 10 4 4 6 2 2 2 2 2 2 2 2 2 2 2 2 2 2 2 2 2 9 9 9 7 7 5 5 4 3
3 5 7 9 13 0 2 5 2 12 42 64 70 63 71 69 58 58 58 30 2 0 0 2 3 5 7 4 5 5 5 6 7 4 4 5 2 0 0 0 0 0 0 0 0 0 0 0 0 0 0 0 0 6 6 5 5 5 5 3 3 0
0 2 4 4 6 0 0 0 4 21 51 65 61 70 68 66 67 64 45 18 2 0 0 0 0 2 5 10 13 13 11 14 14 6 11 11 4 0 0 0 0 0 0 0 0 0 0 0 0 0 0 0 0 0 0 0 0 0 0 0 0 0
3 2 4 7 8 7 3 4 11 37 66 77 72 75 66 67 74 63 33 8 5 1 1 1 2 5 17 37 53 62 59 60 59 53 54 48 26 1 1 1 1 1 1 1 1 1 1 1 1 1 1 1 1 0 0 0 0 0 0 0 0 0
0 0 2 2 2 4 4 5 21 48 69 76 75 77 69 70 75 55 22 9 9 1 3 3 5 7 21 48 71 74 70 69 68 65 67 53 26 2 2 2 2 2 2 2 2 2 2 2 2 2 2 2 2 0 0 0 0 0 0 0 0 0
0 0 2 2 2 4 5 13 38 62 71 75 76 76 76 75 71 47 15 11 9 2 4 8 7 9 18 45 69 70 66 67 66 66 69 53 23 5 5 5 5 5 5 5 5 5 5 5 5 5 5 5 5 0 0 0 0 0 0 0 0 0
1 1 0 0 0 8 9 23 54 74 70 66 71 74 56 61 54 17 0 0 0 0 0 0 8 2 7 48 63 59 72 70 70 67 70 66 26 1 1 1 1 1 1 1 1 1 1 1 1 1 1 1 1 0 0 0 0 0 0 0 0 0
1 0 0 0 0 7 13 33 60 73 71 69 72 71 68 61 35 2 0 0 0 0 0 0 2 4 5 44 59 64 73 67 66 64 67 63 24 0 0 0 0 0 0 0 0 0 0 0 0 0 0 0 0 0 0 0 0 0 0 0 0 0
0 0 0 0 0 9 24 48 65 71 73 72 73 67 80 61 19 4 0 0 0 2 1 0 5 5 11 52 65 67 73 64 65 65 69 65 24 0 0 0 0 0 0 0 0 0 0 0 0 0 0 0 0 5 1 0 0 0 3 3 1 0
0 0 0 0 0 11 35 60 68 70 72 73 72 59 70 43 9 5 3 0 0 0 2 4 9 7 11 49 63 67 71 63 68 70 72 65 27 0 0 0 0 0 0 0 0 0 0 0 0 0 0 0 0 4 4 4 2 2 2 2 2 2
0 0 0 0 0 17 45 68 70 67 70 74 73 74 65 30 11 13 8 0 3 5 10 12 18 11 12 52 69 65 71 66 71 72 68 61 24 0 0 0 0 0 0 0 0 0 0 0 0 0 0 0 0 9 12 12 10 6 5 4 5 2
0 0 0 1 2 35 54 70 70 67 68 71 71 79 49 14 11 9 5 4 4 7 9 11 11 12 14 55 74 67 72 67 71 68 61 54 21 0 0 0 0 0 0 0 0 0 0 0 0 0 0 0 0 11 11 9 9 7 7 6 11 4
0 0 0 2 4 54 63 69 70 69 69 71 73 63 34 15 16 12 8 8 7 11 11 12 18 16 20 54 63 69 72 68 71 64 60 60 34 7 7 7 7 7 7 7 7 7 7 7 7 7 7 7 7 13 12 12 11 15 14 7 5 4
0 0 1 4 5 67 67 67 70 71 69 70 74 77 59 63 71 63 61 62 49 66 64 61 72 68 64 78 70 68 73 68 72 65 65 72 52 62 62 62 62 62 62 62 62 62 62 62 62 62 62 62 62 69 64 61 66 69 57 33 10 5
7 2 0 12 42 64 66 70 69 70 68 68 69 64 66 67 67 67 64 62 59 66 65 69 70 69 66 69 74 71 75 67 62 68 68 60 61 67 66 66 67 69 70 69 67 69 69 69 69 69 69 69 69 64 68 65 61 61 57 37 10 5
0 0 0 18 46 60 59 59 61 65 66 66 65 68 66 62 60 59 59 59 60 62 59 62 69 73 70 72 75 70 74 70 63 65 66 63 67 73 73 73 71 69 69 70 71 71 71 71 71 71 71 71 71 67 68 65 62 66 61 34 5 4
0 0 11 37 61 70 67 64 65 67 69 68 66 66 64 62 62 62 62 65 66 63 60 60 63 66 65 64 66 68 73 73 65 63 65 66 67 71 72 73 71 68 67 69 72 72 72 72 72 72 72 72 72 65 64 59 60 64 59 31 5 4
0 0 16 36 50 61 60 59 58 58 59 60 61 54 55 57 59 59 58 57 56 61 58 58 60 62 62 69 78 67 70 72 67 64 67 66 55 67 68 69 70 70 70 69 69 67 67 67 67 67 67 67 67 58 57 54 56 60 57 37 16 2
0 0 2 8 10 7 7 9 9 7 5 9 15 10 10 10 10 9 10 9 9 0 2 5 7 8 19 40 62 70 64 68 69 65 72 62 35 12 12 12 14 17 17 13 12 16 16 16 16 16 16 16 16 4 5 6 4 6 5 2 2 2
1 0 0 0 0 7 9 11 9 4 4 4 4 4 5 5 5 7 8 12 17 0 0 3 2 5 15 46 73 69 62 68 70 65 74 63 22 6 5 5 5 5 5 5 5 5 5 5 5 5 5 5 5 1 1 1 0 0 1 3 5 0
3 4 2 1 3 4 4 4 4 8 9 5 2 2 5 6 7 6 7 7 7 0 0 0 0 4 9 38 66 69 59 70 72 62 72 65 24 0 0 0 0 0 0 7 14 2 2 2 2 2 2 2 2 2 0 0 0 0 0 0 1 0
1 1 0 0 2 7 4 7 23 45 58 55 47 53 56 61 59 49 32 13 7 0 0 0 0 2 15 42 65 65 59 73 73 59 70 69 29 0 0 3 0 0 0 19 37 49 49 49 49 49 49 49 49 9 2 0 0 0 0 0 0 0
0 0 0 0 0 1 2 12 38 62 75 79 78 81 77 76 59 64 17 2 0 0 0 0 2 6 11 55 65 70 73 69 71 63 66 65 20 0 0 0 0 0 4 18 51 64 65 69 72 72 70 69 70 30 13 4 1 0 0 0 0 0
0 0 0 0 0 2 4 11 40 65 73 75 77 77 75 75 63 50 13 2 0 0 0 0 2 6 11 55 65 70 73 69 71 63 66 65 20 0 0 0 0 1 4 15 44 63 64 66 70 70 71 71 71 35 12 2 2 0 0 0 0 0
0 0 0 0 0 6 4 8 43 69 72 72 78 75 74 73 68 30 7 0 0 0 0 0 2 6 11 55 65 70 73 69 71 63 66 65 20 0 0 0 0 2 4 8 31 62 62 65 65 69 72 73 72 43 10 4 5 3 0 0 0 0
0 0 0 0 0 7 4 8 47 74 71 70 79 73 73 72 67 13 4 0 0 0 0 0 2 6 11 55 65 70 73 69 71 63 66 65 20 0 0 0 0 4 4 5 17 61 63 64 65 69 72 73 71 49 10 4 5 5 0 0 0 0
0 0 0 0 0 7 5 12 53 75 70 67 77 74 73 68 60 7 4 0 0 0 0 0 2 6 11 55 65 70 73 69 71 63 66 65 20 0 0 0 0 4 2 4 9 53 62 66 65 67 72 73 69 56 12 5 5 6 0 0 0 0
0 0 0 0 0 6 5 23 57 75 69 68 74 73 75 65 42 7 2 1 0 0 0 0 2 6 11 55 65 70 73 69 71 63 66 65 20 0 2 0 0 3 3 4 5 37 54 67 68 67 71 71 68 59 21 5 4 3 0 0 0 0
0 0 0 0 0 5 11 33 60 73 69 67 70 70 74 58 22 8 2 0 0 0 0 0 2 6 11 55 65 70 73 69 71 63 66 65 20 0 4 0 0 2 3 2 5 17 42 65 66 64 68 70 68 63 31 10 6 4 2 2 0 0
0 0 0 0 0 7 18 41 61 71 70 67 69 68 71 52 9 12 2 0 0 0 0 0 2 6 11 55 65 70 73 69 71 63 66 65 20 0 4 0 0 2 1 2 5 4 32 60 65 63 67 70 68 67 40 18 9 4 3 5 0 0
0 0 0 0 0 9 16 58 63 67 75 62 74 76 49 23 13 7 0 0 0 0 0 0 8 5 11 53 71 76 69 64 79 63 57 67 21 2 2 2 0 0 0 0 0 2 16 53 71 59 65 76 66 63 69 10 10 5 5 2 0 0
0 0 0 1 1 11 29 63 69 65 69 64 70 71 41 14 5 4 1 0 0 0 0 0 6 5 13 52 65 73 69 64 75 63 61 66 19 4 4 2 0 0 0 0 0 0 9 35 63 66 64 67 70 68 65 30 9 11 4 3 1 0
0 1 1 1 1 12 45 66 72 64 60 69 64 58 31 7 5 3 1 0 0 0 0 0 6 5 17 53 63 70 69 66 69 63 67 64 16 5 4 4 2 0 0 0 0 0 2 16 47 71 67 62 74 71 63 53 11 11 5 3 2 0
1 3 1 0 0 18 61 65 70 64 60 77 58 38 19 7 4 1 0 0 0 0 0 0 6 5 17 55 65 69 70 69 66 65 72 59 15 5 5 4 2 0 0 0 0 0 1 3 27 68 70 63 73 72 64 66 14 9 8 4 5 0
4 4 0 0 0 38 67 61 65 66 65 75 50 19 10 5 2 1 0 0 0 0 2 0 5 5 14 56 68 70 71 73 65 66 71 49 15 7 5 4 2 0 0 0 0 0 4 2 11 50 72 69 68 71 66 66 35 9 16 4 4 0
4 3 0 0 5 55 67 62 62 67 67 60 36 9 7 7 5 0 0 0 0 0 0 0 3 5 19 59 68 70 69 75 65 66 64 34 14 9 7 5 2 0 0 0 0 0 2 1 4 30 61 69 66 68 70 66 56 12 16 4 2 0
2 0 0 6 22 68 64 70 65 67 63 36 20 9 5 5 2 0 0 0 0 0 0 0 6 12 35 69 67 70 66 75 65 64 54 17 11 9 7 5 2 0 0 0 0 0 0 0 4 13 41 64 68 70 69 68 70 33 9 10 2 0
0 0 0 14 36 72 60 77 68 66 58 18 11 11 6 4 0 0 0 0 0 0 0 0 10 26 51 78 68 70 63 74 65 62 46 12 11 9 7 5 2 0 0 0 0 0 0 0 5 7 25 58 71 72 66 73 74 51 7 20 2 0
11 8 11 32 69 73 59 60 71 61 30 7 5 4 2 2 0 0 0 0 0 37 61 67 63 67 72 68 68 59 65 66 57 35 17 5 5 0 0 0 0 0 0 0 0 5 0 0 0 0 1 21 45 76 66 63 71 64 40 13 5 4
4 9 26 51 73 60 66 67 56 32 15 8 9 4 2 2 0 0 0 0 0 49 71 77 71 73 72 66 65 69 67 59 42 24 8 5 5 0 0 0 0 0 0 0 0 4 0 0 1 0 0 7 24 66 69 70 64 59 51 30 5 4
4 11 42 63 63 61 72 64 32 9 7 10 5 4 2 2 0 0 0 0 0 42 62 69 64 69 67 61 63 65 55 39 23 7 5 4 4 0 0 0 0 0 0 0 0 2 0 0 2 0 0 0 5 42 65 75 62 58 60 40 8 4
3 24 57 69 63 71 64 41 10 9 13 9 5 4 2 2 0 0 0 0 0 47 64 67 66 68 67 61 61 40 29 15 5 4 4 4 3 0 0 0 0 0 0 0 0 0 0 0 2 4 0 0 1 14 43 64 64 64 68 53 25 4
14 37 55 63 61 58 39 15 9 7 13 7 4 4 2 2 0 0 0 0 0 38 50 50 45 46 37 29 29 15 8 4 4 2 2 2 2 0 0 0 0 0 0 0 0 0 0 0 0 3 2 1 1 9 17 38 50 57 58 53 44 4
12 26 27 27 29 26 14 7 7 7 5 5 11 4 2 2 0 0 0 0 0 9 16 14 11 11 7 5 5 4 4 2 2 2 2 0 0 0 0 0 0 0 0 0 0 1 0 0 0 0 0 0 0 6 5 11 22 25 20 22 29 4
3 6 5 7 9 7 7 7 8 5 5 4 11 2 2 0 0 0 0 0 0 7 8 7 5 10 7 4 10 2 2 1 2 1 0 0 0 0 0 0 0 0 0 0 0 0 0 0 0 0 0 0 0 9 2 2 2 2 2 4 4 4

Process finished with exit code 0
