C:\Users\Tinkle_GW\venv\Scripts\python.exe C:/Users/Tinkle_GW/Desktop/wm_rsh/get_clk_local.py
(800, 800, 3) (800, 800, 3) (800, 800)
(51, 25, 3)

第 0 个通道
0 0 0 0 0 0 0 0 0 0 0 0 4 2 0 2 14 12 3 8 5 11 12 0 0
0 0 0 0 0 0 0 0 0 0 0 0 4 1 0 11 31 32 25 26 25 32 27 8 0
0 0 0 0 0 0 0 0 0 0 0 0 4 1 0 12 35 37 26 24 23 32 29 8 0
0 0 0 0 0 0 0 0 0 0 0 0 3 1 0 9 31 31 17 14 13 23 24 7 0
0 0 0 0 0 0 0 0 0 0 0 0 2 0 0 6 26 27 15 10 8 22 22 5 0
0 0 0 0 0 0 0 0 0 0 0 0 0 0 0 4 24 23 14 14 12 21 19 3 0
0 0 0 0 0 0 0 0 0 0 0 0 0 0 0 4 20 20 12 14 13 19 15 0 0
0 0 0 0 0 0 0 0 0 0 0 0 0 1 6 14 20 11 8 23 24 10 13 0 0
0 0 0 0 0 0 0 0 0 0 0 0 0 1 6 14 20 11 8 23 24 10 13 0 0
0 0 0 0 0 0 0 0 0 0 0 0 0 1 6 14 20 11 8 23 24 10 13 0 0
0 0 0 0 0 0 0 0 0 0 0 0 0 1 6 14 20 11 8 23 24 10 13 0 0
0 0 0 0 0 0 0 0 0 0 0 0 0 1 6 14 20 11 8 23 24 10 13 0 0
0 0 0 0 0 0 0 0 0 0 0 0 0 1 6 14 20 11 8 23 24 10 13 0 0
0 0 0 0 0 0 0 0 0 0 0 0 0 1 6 14 20 11 8 23 24 10 13 0 0
0 0 0 0 0 0 0 0 0 0 0 0 0 1 6 14 20 11 8 23 24 10 13 0 0
0 0 0 0 0 0 0 0 0 0 0 0 0 1 6 14 20 11 8 23 24 10 13 0 0
0 0 0 0 0 0 0 0 0 0 0 0 0 1 6 14 20 11 8 23 24 10 13 0 0
0 0 0 0 0 0 0 0 0 0 0 0 0 1 6 14 20 11 8 23 24 10 13 0 0
0 0 0 0 0 0 0 0 0 0 0 0 0 1 6 14 20 11 8 23 24 10 13 0 0
0 0 0 0 0 0 0 0 0 0 0 0 0 1 6 14 20 11 8 23 24 10 13 0 0
0 0 0 0 0 0 0 0 0 0 0 0 0 1 6 14 20 11 8 23 24 10 13 0 0
0 0 0 0 0 0 0 0 0 0 0 0 0 1 6 14 20 11 8 23 24 10 13 0 0
0 0 0 0 0 0 0 0 0 0 0 0 0 1 6 14 20 11 8 23 24 10 13 0 0
0 0 0 0 0 0 0 0 0 0 0 0 7 0 0 3 20 15 5 10 15 19 32 13 0
0 0 0 0 0 0 0 0 0 0 0 0 7 0 0 3 20 15 5 10 15 19 32 13 0
0 0 0 0 0 0 0 0 0 0 0 0 8 1 0 4 21 17 5 10 15 17 32 13 0
0 0 0 0 0 0 0 0 0 0 0 0 9 3 0 6 21 17 7 10 15 17 31 11 0
0 0 0 0 0 0 0 0 0 0 0 0 9 4 0 6 23 17 7 12 15 17 31 10 0
0 0 0 0 0 0 0 0 0 0 0 0 11 4 0 7 23 18 7 12 15 17 29 10 0
0 0 0 0 0 0 0 0 0 0 0 0 12 6 0 7 24 18 7 12 15 17 29 10 0
0 0 0 0 0 0 0 0 0 0 0 0 11 6 0 7 24 18 7 12 15 17 29 10 0
0 0 0 0 0 0 0 0 0 0 0 0 10 4 0 8 19 24 16 8 13 22 29 4 0
0 0 0 0 0 0 0 0 0 0 0 0 10 3 0 7 19 18 11 5 13 23 32 5 0
0 0 0 0 0 0 0 0 0 0 0 0 14 1 0 9 20 16 6 6 14 24 34 7 0
0 0 0 0 0 0 0 0 0 0 0 0 13 0 0 12 24 13 6 11 17 26 33 6 0
0 0 0 0 0 0 0 0 0 0 0 0 6 0 0 14 23 11 5 13 17 24 31 3 0
0 0 0 0 0 0 0 0 0 0 0 0 0 0 2 17 21 9 4 11 17 21 25 0 0
0 0 0 0 0 0 0 0 0 0 0 0 0 3 16 23 21 10 5 9 17 17 18 0 0
0 0 0 0 0 0 0 0 0 0 0 0 0 14 27 31 24 14 7 9 17 15 14 0 0
0 0 10 3 6 4 1 0 0 0 0 0 0 5 9 10 12 16 17 15 34 15 0 0 0
0 0 10 0 0 0 0 0 0 5 14 20 5 13 17 16 15 18 17 19 27 10 0 0 0
0 0 16 12 12 12 14 14 16 19 24 29 11 17 18 16 15 19 23 28 13 2 0 0 1
0 0 25 27 33 31 27 24 20 19 19 20 15 16 15 14 17 24 30 32 2 0 0 0 4
0 0 28 32 26 20 17 14 13 13 10 10 13 15 18 22 29 31 24 16 0 0 0 0 4
0 0 21 24 17 11 8 6 6 7 6 5 13 19 26 32 34 28 10 0 0 0 0 1 2
0 0 17 19 21 14 8 8 9 10 11 9 19 24 27 26 18 10 1 0 2 1 3 4 2
0 0 22 23 22 16 12 12 18 21 22 23 25 27 24 9 0 0 1 5 8 6 6 5 1
0 0 20 34 24 23 26 27 29 31 30 30 3 0 0 0 0 0 2 4 7 7 6 4 1
0 0 8 18 21 19 15 11 6 2 0 0 0 0 0 0 0 1 4 6 7 7 6 4 1
0 0 0 0 0 0 0 0 0 3 4 6 0 0 0 0 1 3 3 6 6 6 6 4 1
0 0 0 0 0 0 0 1 4 5 7 7 1 1 2 4 3 3 3 3 3 3 3 3 1
第 1 个通道
0 0 0 0 0 0 0 0 0 0 0 0 0 1 1 11 30 34 32 38 35 40 34 16 4
0 0 0 0 0 0 0 0 0 0 0 0 0 0 3 23 51 61 59 65 64 66 56 28 6
0 0 0 0 0 0 0 0 0 0 0 0 0 1 5 28 61 72 68 70 69 74 64 34 7
0 0 0 0 0 0 0 0 0 0 0 0 2 3 6 28 62 72 66 66 65 72 65 38 10
0 0 0 0 0 0 0 0 0 0 0 0 1 2 6 28 61 72 67 69 67 74 67 40 13
0 0 0 0 0 0 0 0 0 0 0 0 1 2 6 29 60 72 71 75 73 78 68 39 14
0 0 0 0 0 0 0 0 0 0 0 0 1 3 8 29 59 71 71 76 75 78 66 37 12
0 0 0 0 0 0 0 0 0 0 0 0 6 0 0 28 67 77 69 69 70 69 76 42 2
0 0 0 0 0 0 0 0 0 0 0 0 6 0 0 28 67 77 69 69 70 69 76 42 2
0 0 0 0 0 0 0 0 0 0 0 0 6 0 0 28 67 77 69 69 70 69 76 42 2
0 0 0 0 0 0 0 0 0 0 0 0 6 0 0 28 67 77 69 69 70 69 76 42 2
0 0 0 0 0 0 0 0 0 0 0 0 6 0 0 28 67 77 69 69 70 69 76 42 2
0 0 0 0 0 0 0 0 0 0 0 0 6 0 0 28 67 77 69 69 70 69 76 42 2
0 0 0 0 0 0 0 0 0 0 0 0 6 0 0 28 67 77 69 69 70 69 76 42 2
0 0 0 0 0 0 0 0 0 0 0 0 6 0 0 28 67 77 69 69 70 69 76 42 2
0 0 0 0 0 0 0 0 0 0 0 0 6 0 0 28 67 77 69 69 70 69 76 42 2
0 0 0 0 0 0 0 0 0 0 0 0 6 0 0 28 67 77 69 69 70 69 76 42 2
0 0 0 0 0 0 0 0 0 0 0 0 6 0 0 28 67 77 69 69 70 69 76 42 2
0 0 0 0 0 0 0 0 0 0 0 0 6 0 0 28 67 77 69 69 70 69 76 42 2
0 0 0 0 0 0 0 0 0 0 0 0 6 0 0 28 67 77 69 69 70 69 76 42 2
0 0 0 0 0 0 0 0 0 0 0 0 6 0 0 28 67 77 69 69 70 69 76 42 2
0 0 0 0 0 0 0 0 0 0 0 0 6 0 0 28 67 77 69 69 70 69 76 42 2
0 0 0 0 0 0 0 0 0 0 0 0 6 0 0 28 67 77 69 69 70 69 76 42 2
0 0 0 0 0 0 0 0 0 0 0 0 0 0 7 34 67 75 70 75 74 65 66 34 3
0 0 0 0 0 0 0 0 0 0 0 0 0 0 7 34 67 75 70 75 74 65 66 34 3
0 0 0 0 0 0 0 0 0 0 0 0 0 0 6 33 66 74 70 75 74 66 66 34 3
0 0 0 0 0 0 0 0 0 0 0 0 0 0 5 32 66 74 70 75 74 66 67 35 4
0 0 0 0 0 0 0 0 0 0 0 0 0 0 5 32 66 74 70 74 74 66 67 36 5
0 0 0 0 0 0 0 0 0 0 0 0 0 0 5 32 66 73 70 74 74 66 68 36 5
0 0 0 0 0 0 0 0 0 0 0 0 0 0 4 32 65 73 70 74 74 66 68 36 5
0 0 0 0 0 0 0 0 0 0 0 0 0 0 4 32 65 73 70 74 74 66 68 36 5
0 0 0 0 0 0 0 0 0 0 0 0 0 0 9 33 62 79 79 70 72 71 68 30 5
0 0 0 0 0 0 0 0 0 0 0 0 0 0 6 33 62 75 74 70 72 72 68 29 4
0 0 0 0 0 0 0 0 0 0 0 0 4 0 6 38 65 73 71 71 73 73 68 28 3
0 0 0 0 0 0 0 0 0 0 0 0 7 1 8 44 71 73 71 76 73 72 67 26 3
0 0 0 0 0 0 0 0 0 0 0 0 5 1 13 49 73 72 72 78 73 70 62 21 2
0 0 0 0 0 0 0 0 0 0 0 0 0 3 23 54 72 72 71 76 73 65 55 15 0
0 0 0 0 0 0 0 0 0 0 0 0 1 14 39 63 74 73 72 74 73 61 48 10 0
0 0 0 0 0 0 0 0 0 0 0 0 4 25 52 71 77 77 77 74 73 59 42 7 0
5 1 8 0 1 1 0 0 0 2 4 10 59 66 70 72 75 77 74 68 79 50 19 4 0
2 1 11 1 0 1 3 9 15 22 33 41 64 72 78 77 74 75 73 68 68 42 15 4 0
2 2 25 24 26 30 35 40 46 53 60 65 70 76 77 73 70 72 72 71 48 28 9 3 2
2 9 44 52 64 66 68 69 69 70 71 72 72 73 70 67 66 69 69 64 28 14 4 2 4
2 12 54 67 69 69 73 74 76 76 75 75 68 70 69 68 70 67 53 38 12 4 1 1 4
2 9 53 67 70 71 71 74 76 77 76 75 66 70 73 73 69 54 30 6 4 1 0 1 2
3 12 53 66 77 76 74 74 75 75 74 72 66 69 68 58 44 28 11 1 1 0 0 0 0
3 16 57 68 73 72 69 69 71 72 71 69 66 67 56 35 13 4 2 3 2 0 0 0 0
3 21 50 73 67 68 68 68 65 63 60 58 36 27 15 7 4 1 0 0 0 0 0 0 0
3 14 33 47 51 49 44 35 26 16 7 2 17 13 7 4 2 1 0 0 0 0 0 0 0
3 5 11 15 5 6 6 6 3 2 1 1 5 4 4 2 3 1 0 0 0 0 0 0 0
3 2 2 2 1 1 1 0 0 0 0 0 3 3 4 4 3 2 0 0 0 0 0 0 0
第 2 个通道
0 0 0 0 0 0 0 0 0 0 0 0 0 0 0 10 29 32 30 38 35 38 32 15 3
0 0 0 0 0 0 0 0 0 0 0 0 0 0 2 21 50 59 58 62 61 65 54 27 4
0 0 0 0 0 0 0 0 0 0 0 0 0 0 3 25 58 68 66 67 66 72 60 31 4
0 0 0 0 0 0 0 0 0 0 0 0 0 0 3 24 57 68 62 62 61 68 61 33 6
0 0 0 0 0 0 0 0 0 0 0 0 0 0 2 25 57 67 63 63 61 70 62 36 10
0 0 0 0 0 0 0 0 0 0 0 0 0 0 2 25 56 68 65 70 68 72 64 35 10
0 0 0 0 0 0 0 0 0 0 0 0 0 0 3 25 54 66 65 71 70 72 61 32 8
0 0 0 0 0 0 0 0 0 0 0 0 0 0 4 29 59 67 62 69 70 63 67 35 5
0 0 0 0 0 0 0 0 0 0 0 0 0 0 4 29 59 67 62 69 70 63 67 35 5
0 0 0 0 0 0 0 0 0 0 0 0 0 0 4 29 59 67 62 69 70 63 67 35 5
0 0 0 0 0 0 0 0 0 0 0 0 0 0 4 29 59 67 62 69 70 63 67 35 5
0 0 0 0 0 0 0 0 0 0 0 0 0 0 4 29 59 67 62 69 70 63 67 35 5
0 0 0 0 0 0 0 0 0 0 0 0 0 0 4 29 59 67 62 69 70 63 67 35 5
0 0 0 0 0 0 0 0 0 0 0 0 0 0 4 29 59 67 62 69 70 63 67 35 5
0 0 0 0 0 0 0 0 0 0 0 0 0 0 4 29 59 67 62 69 70 63 67 35 5
0 0 0 0 0 0 0 0 0 0 0 0 0 0 4 29 59 67 62 69 70 63 67 35 5
0 0 0 0 0 0 0 0 0 0 0 0 0 0 4 29 59 67 62 69 70 63 67 35 5
0 0 0 0 0 0 0 0 0 0 0 0 0 0 4 29 59 67 62 69 70 63 67 35 5
0 0 0 0 0 0 0 0 0 0 0 0 0 0 4 29 59 67 62 69 70 63 67 35 5
0 0 0 0 0 0 0 0 0 0 0 0 0 0 4 29 59 67 62 69 70 63 67 35 5
0 0 0 0 0 0 0 0 0 0 0 0 0 0 4 29 59 67 62 69 70 63 67 35 5
0 0 0 0 0 0 0 0 0 0 0 0 0 0 4 29 59 67 62 69 70 63 67 35 5
0 0 0 0 0 0 0 0 0 0 0 0 0 0 4 29 59 67 62 69 70 63 67 35 5
0 0 0 0 0 0 0 0 0 0 0 0 0 0 4 29 59 67 62 69 70 63 67 35 5
0 0 0 0 0 0 0 0 0 0 0 0 0 0 4 29 59 67 62 69 70 63 67 35 5
0 0 0 0 0 0 0 0 0 0 0 0 0 0 4 29 59 67 62 69 70 63 67 35 5
0 0 0 0 0 0 0 0 0 0 0 0 0 0 4 29 59 67 62 69 70 63 67 35 5
0 0 0 0 0 0 0 0 0 0 0 0 0 0 4 29 59 67 62 69 70 63 67 35 5
0 0 0 0 0 0 0 0 0 0 0 0 0 0 4 29 59 67 62 69 70 63 67 35 5
0 0 0 0 0 0 0 0 0 0 0 0 0 0 4 29 59 67 62 69 70 63 67 35 5
0 0 0 0 0 0 0 0 0 0 0 0 0 0 4 29 59 67 62 69 70 63 67 35 5
0 0 0 0 0 0 0 0 0 0 0 0 0 0 8 30 55 73 71 65 68 68 67 29 5
0 0 0 0 0 0 0 0 0 0 0 0 0 0 5 30 55 68 66 64 68 69 68 29 5
0 0 0 0 0 0 0 0 0 0 0 0 5 0 4 34 58 66 63 65 69 70 69 29 5
0 0 0 0 0 0 0 0 0 0 0 0 7 0 5 39 63 65 63 70 70 70 68 27 5
0 0 0 0 0 0 0 0 0 0 0 0 3 0 9 43 64 64 63 72 70 68 64 23 5
0 0 0 0 0 0 0 0 0 0 0 0 0 0 18 47 63 63 62 70 70 64 57 18 5
0 0 0 0 0 0 0 0 0 0 0 0 0 10 33 55 64 64 63 68 70 60 50 13 5
0 0 0 0 0 0 0 0 0 0 0 0 0 21 46 63 67 68 67 68 70 58 45 10 5
1 0 9 2 7 8 8 7 9 11 13 18 57 61 65 67 67 69 67 60 72 44 15 4 2
0 0 13 5 4 5 9 15 20 29 39 46 60 68 73 70 68 68 64 62 62 37 12 2 2
0 2 24 24 27 32 36 41 48 54 60 65 66 72 71 67 64 66 66 64 44 25 7 2 4
2 7 42 49 59 62 64 64 65 65 67 68 66 67 65 61 62 64 66 61 25 13 4 2 6
4 11 51 61 62 63 64 66 67 68 67 67 62 64 64 65 66 65 51 36 12 4 4 2 6
4 8 48 60 60 61 62 63 65 67 66 65 58 63 67 69 65 53 29 8 6 4 2 3 2
5 9 49 58 68 65 64 64 65 67 66 64 58 62 62 55 43 28 13 4 6 2 2 3 1
5 16 53 61 66 63 60 62 65 67 67 66 58 59 51 32 13 5 6 8 6 2 2 1 0
5 22 48 68 60 63 64 64 63 62 60 61 29 21 11 5 4 2 3 2 2 0 0 0 0
5 14 30 43 49 47 42 35 27 19 12 8 11 7 3 2 2 3 1 0 0 0 0 0 0
5 7 11 15 5 6 7 8 8 8 8 8 0 0 0 0 2 2 0 0 0 0 0 0 0
6 5 4 4 4 4 5 5 5 5 5 4 0 0 1 2 1 0 0 0 0 0 0 0 0

Process finished with exit code 0
