
(255,252,252) (238,232,232) (232,185,191) (236,183,191) (237,180,189) (235,179,188) # 背景到核心
(234,178,187) (235,179,188)  # 核心
(252,255,253) (255,248,246) (250,218,223) (235,184,193)  # 背景到核心


r： 255, 238,232,236,237,235,234,235,235,250, 255  # 红色基本不变

gb：255, 232,190,185,185,185,185,190,220,246, 255  # 蓝绿 有变化觊


注意到：
    rgb求和 >= 735 时为bk，否则为ft

    r 通道：凡是ft时r为235，否则为255
    gb 通道：







C:\Users\Tinkle_GW\venv\Scripts\python.exe C:/Users/Tinkle_GW/Desktop/wm_rsh/get_clk_local.py
(800, 800, 3) (800, 800, 3) (800, 800)
(800, 800, 3) (800, 800, 3) (800, 800)
                                                                                                                        (4,9,12) (7,33,30) (8,30,28) (6,31,28) (8,29,30) (7,31,31) (7,32,29) (9,30,31) (4,14,15) (0,0,2)
(0,0,0) (0,0,0) (0,0,0) (0,0,0) (0,0,0) (0,0,0) (0,0,0) (0,0,0) (0,0,0) (0,0,0) (0,0,0) (0,0,0) (0,1,2) (2,2,2) (0,2,1) (4,13,12) (0,35,29) (5,29,29) (11,33,31) (5,32,27) (8,33,30) (10,28,28) (7,33,30) (4,14,15) (4,0,0)
(0,0,0) (0,0,0) (0,0,0) (0,0,0) (0,0,0) (0,0,0) (0,0,0) (0,0,0) (0,0,0) (0,0,0) (0,0,0) (0,0,0) (0,1,2) (1,1,3) (0,4,3) (8,26,26) (15,66,59) (22,66,65) (22,68,65) (18,69,62) (21,70,66) (27,67,66) (20,66,63) (8,32,32) (0,1,5)
(0,0,0) (0,0,0) (0,0,0) (0,0,0) (0,0,0) (0,0,0) (0,0,0) (0,0,0) (0,0,0) (0,0,0) (0,0,0) (0,0,0) (1,0,0) (5,0,1) (0,0,2) (10,26,26) (18,73,67) (22,72,71) (18,70,68) (14,73,67) (13,72,68) (21,73,71) (17,74,68) (5,35,35) (0,1,4)
(0,0,0) (0,0,0) (0,0,0) (0,0,0) (0,0,0) (0,0,0) (0,0,0) (0,0,0) (0,0,0) (0,0,0) (0,0,0) (0,0,0) (1,0,0) (5,0,0) (0,0,0) (8,24,24) (17,72,66) (18,70,68) (14,66,64) (14,69,64) (13,69,66) (18,68,67) (13,70,64) (5,35,33) (1,1,3)
(0,0,0) (0,0,0) (0,0,0) (0,0,0) (0,0,0) (0,0,0) (0,0,0) (0,0,0) (0,0,0) (0,0,0) (0,0,0) (0,0,0) (0,2,0) (2,1,0) (0,1,0) (8,27,25) (15,75,65) (17,74,68) (16,71,66) (20,75,69) (22,74,70) (25,71,69) (16,71,65) (10,36,35) (3,1,2)
(0,0,0) (0,0,0) (0,0,0) (0,0,0) (0,0,0) (0,0,0) (0,0,0) (0,0,0) (0,0,0) (0,0,0) (0,0,0) (0,0,0) (0,2,0) (3,1,2) (0,0,2) (7,25,25) (10,72,61) (14,71,65) (14,69,64) (17,70,64) (18,70,66) (20,69,66) (13,70,63) (5,34,32) (1,0,2)
(0,0,0) (0,0,0) (0,0,0) (0,0,0) (0,0,0) (0,0,0) (0,0,0) (0,0,0) (0,0,0) (0,0,0) (0,0,0) (0,0,0) (0,0,2) (6,0,2) (1,0,4) (10,24,27) (14,71,64) (17,72,67) (20,70,67) (20,69,65) (16,71,66) (20,72,68) (14,74,66) (5,35,33) (1,0,4)
(0,0,0) (0,0,0) (0,0,0) (0,0,0) (0,0,0) (0,0,0) (0,0,0) (0,0,0) (0,0,0) (0,0,0) (0,0,0) (0,0,0) (0,0,0) (3,0,0) (0,1,2) (9,27,27) (14,71,64) (18,70,68) (19,69,68) (16,71,66) (16,71,68) (20,68,68) (15,72,65) (7,36,34) (1,0,2)
(0,0,0) (0,0,0) (0,0,0) (0,0,0) (0,0,0) (0,0,0) (0,0,0) (0,0,0) (0,0,0) (0,0,0) (0,0,0) (0,0,0) (0,0,0) (3,0,0) (0,1,2) (9,27,27) (14,71,64) (18,70,68) (19,69,68) (16,71,66) (16,71,68) (20,68,68) (15,72,65) (7,36,34) (1,0,2)
(0,0,0) (0,0,0) (0,0,0) (0,0,0) (0,0,0) (0,0,0) (0,0,0) (0,0,0) (0,0,0) (0,0,0) (0,0,0) (0,0,0) (0,0,0) (3,0,0) (0,1,2) (9,27,27) (14,71,64) (18,70,68) (19,69,68) (16,71,66) (16,71,68) (20,68,68) (15,72,65) (7,36,34) (1,0,2)
(0,0,0) (0,0,0) (0,0,0) (0,0,0) (0,0,0) (0,0,0) (0,0,0) (0,0,0) (0,0,0) (0,0,0) (0,0,0) (0,0,0) (0,0,0) (3,0,0) (0,1,2) (9,27,27) (14,71,64) (18,70,68) (19,69,68) (16,71,66) (16,71,68) (20,68,68) (15,72,65) (7,36,34) (1,0,2)
(0,0,0) (0,0,0) (0,0,0) (0,0,0) (0,0,0) (0,0,0) (0,0,0) (0,0,0) (0,0,0) (0,0,0) (0,0,0) (0,0,0) (0,0,0) (3,0,0) (0,1,2) (9,27,27) (14,71,64) (18,70,68) (19,69,68) (16,71,66) (16,71,68) (20,68,68) (15,72,65) (7,36,34) (1,0,2)
(0,0,0) (0,0,0) (0,0,0) (0,0,0) (0,0,0) (0,0,0) (0,0,0) (0,0,0) (0,0,0) (0,0,0) (0,0,0) (0,0,0) (0,0,0) (3,0,0) (0,1,2) (9,27,27) (14,71,64) (18,70,68) (19,69,68) (16,71,66) (16,71,68) (20,68,68) (15,72,65) (7,36,34) (1,0,2)
(0,0,0) (0,0,0) (0,0,0) (0,0,0) (0,0,0) (0,0,0) (0,0,0) (0,0,0) (0,0,0) (0,0,0) (0,0,0) (0,0,0) (0,0,0) (3,0,0) (0,1,2) (9,27,27) (14,71,64) (18,70,68) (19,69,68) (16,71,66) (16,71,68) (20,68,68) (15,72,65) (7,36,34) (1,0,2)
(0,0,0) (0,0,0) (0,0,0) (0,0,0) (0,0,0) (0,0,0) (0,0,0) (0,0,0) (0,0,0) (0,0,0) (0,0,0) (0,0,0) (0,0,0) (3,0,0) (0,1,2) (9,27,27) (14,71,64) (18,70,68) (19,69,68) (16,71,66) (16,71,68) (20,68,68) (15,72,65) (7,36,34) (1,0,2)
(0,0,0) (0,0,0) (0,0,0) (0,0,0) (0,0,0) (0,0,0) (0,0,0) (0,0,0) (0,0,0) (0,0,0) (0,0,0) (0,0,0) (0,0,0) (3,0,0) (0,1,2) (9,27,27) (14,71,64) (18,70,68) (19,69,68) (16,71,66) (17,72,69) (20,68,68) (15,72,65) (7,36,34) (1,0,2)
(0,0,0) (0,0,0) (0,0,0) (0,0,0) (0,0,0) (0,0,0) (0,0,0) (0,0,0) (0,0,0) (0,0,0) (0,0,0) (0,0,0) (0,0,0) (3,0,0) (0,1,2) (9,27,27) (14,71,64) (18,70,68) (19,69,68) (16,71,66) (17,72,69) (20,68,68) (15,72,65) (7,36,34) (1,0,2)
(0,0,0) (0,0,0) (0,0,0) (0,0,0) (0,0,0) (0,0,0) (0,0,0) (0,0,0) (0,0,0) (0,0,0) (0,0,0) (0,0,0) (0,0,0) (3,0,0) (0,1,2) (9,27,27) (14,71,64) (18,70,68) (19,69,68) (16,71,66) (17,72,69) (20,68,68) (15,72,65) (7,36,34) (1,0,2)
(0,0,0) (0,0,0) (0,0,0) (0,0,0) (0,0,0) (0,0,0) (0,0,0) (0,0,0) (0,0,0) (0,0,0) (0,0,0) (0,0,0) (0,0,0) (3,0,0) (0,1,2) (9,27,27) (14,71,64) (18,70,68) (19,69,68) (16,71,66) (17,72,69) (20,68,68) (15,72,65) (7,36,34) (1,0,2)
(0,0,0) (0,0,0) (0,0,0) (0,0,0) (0,0,0) (0,0,0) (0,0,0) (0,0,0) (0,0,0) (0,0,0) (0,0,0) (0,0,0) (0,0,0) (3,0,0) (0,1,2) (9,27,27) (14,71,64) (18,70,68) (19,69,68) (16,71,66) (17,72,69) (20,68,68) (15,72,65) (7,36,34) (1,0,2)
(0,0,0) (0,0,0) (0,0,0) (0,0,0) (0,0,0) (0,0,0) (0,0,0) (0,0,0) (0,0,0) (0,0,0) (0,0,0) (0,0,0) (0,0,0) (3,0,0) (0,1,2) (9,27,27) (14,71,64) (18,70,68) (19,69,68) (16,71,66) (17,72,69) (20,68,68) (15,72,65) (7,36,34) (1,0,2)
(0,0,0) (0,0,0) (0,0,0) (0,0,0) (0,0,0) (0,0,0) (0,0,0) (0,0,0) (0,0,0) (0,0,0) (0,0,0) (0,0,0) (0,0,0) (3,0,0) (0,1,2) (9,27,27) (14,71,64) (18,70,68) (19,69,68) (16,71,66) (17,72,69) (20,68,68) (15,72,65) (7,36,34) (1,0,2)
(0,0,0) (0,0,0) (0,0,0) (0,0,0) (0,0,0) (0,0,0) (0,0,0) (0,0,0) (0,0,0) (0,0,0) (0,0,0) (0,0,0) (0,0,0) (3,0,0) (0,1,2) (9,27,27) (14,71,64) (18,70,68) (19,69,68) (16,71,66) (17,72,69) (20,68,68) (15,72,65) (7,36,34) (1,0,2)
(0,0,0) (0,0,0) (0,0,0) (0,0,0) (0,0,0) (0,0,0) (0,0,0) (0,0,0) (0,0,0) (0,0,0) (0,0,0) (0,0,0) (0,0,0) (3,0,0) (0,1,2) (9,27,27) (14,71,64) (18,70,68) (19,69,68) (16,71,66) (16,71,68) (20,68,68) (15,72,65) (7,36,34) (1,0,2)
(0,0,0) (0,0,0) (0,0,0) (0,0,0) (0,0,0) (0,0,0) (0,0,0) (0,0,0) (0,0,0) (0,0,0) (0,0,0) (0,0,0) (0,0,0) (3,0,0) (0,1,2) (9,27,27) (14,71,64) (18,70,68) (19,69,68) (16,71,66) (16,71,68) (20,68,68) (15,72,65) (7,36,34) (1,0,2)
(0,0,0) (0,0,0) (0,0,0) (0,0,0) (0,0,0) (0,0,0) (0,0,0) (0,0,0) (0,0,0) (0,0,0) (0,0,0) (0,0,0) (0,0,0) (3,0,0) (0,1,2) (9,27,27) (14,71,64) (18,70,68) (19,69,68) (16,71,66) (16,71,68) (20,68,68) (15,72,65) (7,36,34) (1,0,2)
(0,0,0) (0,0,0) (0,0,0) (0,0,0) (0,0,0) (0,0,0) (0,0,0) (0,0,0) (0,0,0) (0,0,0) (0,0,0) (0,0,0) (0,0,0) (3,0,0) (0,1,2) (9,27,27) (14,71,64) (18,70,68) (19,69,68) (16,71,66) (16,71,68) (20,68,68) (15,72,65) (7,36,34) (1,0,2)
(0,0,0) (0,0,0) (0,0,0) (0,0,0) (0,0,0) (0,0,0) (0,0,0) (0,0,0) (0,0,0) (0,0,0) (0,0,0) (0,0,0) (0,0,0) (3,0,0) (0,1,2) (9,27,27) (14,71,64) (18,70,68) (19,69,68) (16,71,66) (16,71,68) (20,68,68) (15,72,65) (7,36,34) (1,0,2)
(0,0,0) (0,0,0) (0,0,0) (0,0,0) (0,0,0) (0,0,0) (0,0,0) (0,0,0) (0,0,0) (0,0,0) (0,0,0) (0,0,0) (0,0,0) (3,0,0) (0,1,2) (9,27,27) (14,71,64) (18,70,68) (19,69,68) (16,71,66) (16,71,68) (20,68,68) (15,72,65) (7,36,34) (1,0,2)
(0,0,0) (0,0,0) (0,0,0) (0,0,0) (0,0,0) (0,0,0) (0,0,0) (0,0,0) (0,0,0) (0,0,0) (0,0,0) (0,0,0) (0,0,0) (3,0,0) (0,1,2) (9,27,27) (14,71,64) (18,70,68) (19,69,68) (16,71,66) (16,71,68) (20,68,68) (15,72,65) (7,36,34) (1,0,2)
(0,0,0) (0,0,0) (0,0,0) (0,0,0) (0,0,0) (0,0,0) (0,0,0) (0,0,0) (0,0,0) (0,0,0) (0,0,0) (0,0,0) (0,0,0) (3,0,0) (0,1,2) (9,27,27) (14,71,64) (18,70,68) (19,69,68) (16,71,66) (16,71,68) (20,68,68) (15,72,65) (7,36,34) (1,0,2)
(0,0,0) (0,0,0) (0,0,0) (0,0,0) (0,0,0) (0,0,0) (0,0,0) (0,0,0) (0,0,0) (0,0,0) (0,0,0) (0,0,0) (6,0,0) (0,1,2) (0,1,4) (12,27,30) (19,68,62) (15,74,68) (16,71,66) (13,72,68) (18,70,66) (26,68,67) (16,73,66) (8,32,32) (0,0,2)
(0,0,0) (0,0,0) (0,0,0) (0,0,0) (0,0,0) (0,0,0) (0,0,0) (0,0,0) (0,0,0) (0,0,0) (0,0,0) (0,0,0) (1,0,0) (0,2,1) (0,0,4) (12,32,33) (19,70,63) (14,71,65) (18,68,65) (16,71,68) (17,72,67) (24,68,67) (15,72,65) (10,31,32) (0,0,2)
(0,0,0) (0,0,0) (0,0,0) (0,0,0) (0,0,0) (0,0,0) (0,0,0) (0,0,0) (0,0,0) (0,0,0) (0,0,0) (0,0,0) (0,2,0) (2,0,1) (1,0,4) (13,37,37) (15,71,62) (15,70,65) (23,69,67) (18,68,67) (16,73,67) (22,68,66) (16,71,65) (9,29,28) (0,1,0)
(0,0,0) (0,0,0) (0,0,0) (0,0,0) (0,0,0) (0,0,0) (0,0,0) (0,0,0) (0,0,0) (0,0,0) (0,0,0) (0,0,0) (0,3,0) (8,0,2) (1,0,4) (14,46,43) (11,71,63) (17,74,68) (21,70,67) (17,69,67) (13,72,66) (20,69,66) (20,73,67) (5,21,21) (0,1,0)
(0,0,0) (0,0,0) (0,0,0) (0,0,0) (0,0,0) (0,0,0) (0,0,0) (0,0,0) (0,0,0) (0,0,0) (0,0,0) (0,0,0) (0,1,0) (8,0,1) (0,0,4) (18,57,52) (11,72,64) (17,74,68) (16,68,64) (15,72,66) (12,71,67) (20,70,67) (22,71,65) (1,11,13) (0,2,1)
(0,0,0) (0,0,0) (0,0,0) (0,0,0) (0,0,0) (0,0,0) (0,0,0) (0,0,0) (0,0,0) (0,0,0) (0,0,0) (0,0,0) (0,0,0) (4,0,2) (0,13,13) (18,67,61) (15,72,66) (14,71,65) (11,68,62) (17,74,68) (15,71,68) (22,72,69) (19,64,59) (0,4,7) (0,3,0)
(0,0,0) (0,0,0) (0,0,0) (0,0,0) (0,0,0) (0,0,0) (0,0,0) (0,0,0) (0,0,0) (0,0,0) (0,0,0) (0,0,0) (0,0,2) (1,6,9) (7,42,38) (16,71,65) (19,71,67) (16,68,66) (13,72,66) (17,72,67) (16,71,68) (22,71,68) (10,49,46) (1,0,4) (0,3,0)
(0,0,0) (0,0,0) (0,0,0) (0,0,0) (0,0,0) (0,0,0) (0,0,0) (0,0,0) (0,0,0) (0,0,0) (0,0,0) (0,0,0) (0,0,4) (8,22,23) (23,70,64) (13,74,67) (20,68,68) (19,67,67) (20,77,71) (15,66,61) (19,71,69) (20,69,66) (2,38,36) (3,0,4) (0,1,0)
(0,0,0) (11,0,0) (0,2,0) (9,0,3) (0,2,0) (0,1,0) (0,1,0) (2,1,0) (1,0,0) (0,0,0) (0,1,0) (0,4,5) (0,42,39) (19,68,64) (20,70,67) (15,65,62) (21,71,68) (19,71,67) (16,68,64) (16,71,65) (10,72,67) (25,65,64) (0,9,11) (2,0,1) (1,0,0)
(1,1,0) (7,0,0) (0,5,0) (0,0,4) (1,0,2) (4,0,3) (5,0,3) (1,0,4) (0,1,4) (0,13,13) (7,38,33) (18,58,50) (25,65,64) (22,68,66) (15,70,65) (16,72,69) (17,72,69) (19,71,67) (21,73,69) (18,70,66) (22,75,69) (11,43,42) (0,3,4) (1,0,0) (1,0,0)
(0,0,0) (3,0,0) (0,24,19) (2,22,23) (8,23,26) (4,25,26) (4,34,34) (8,47,44) (13,58,55) (18,64,61) (20,69,65) (24,70,67) (21,65,64) (22,72,69) (16,72,69) (14,70,67) (16,71,68) (17,69,67) (16,71,66) (13,70,64) (24,59,55) (0,16,15) (0,1,2) (3,0,0) (2,2,0)
(0,1,0) (4,5,7) (19,59,51) (28,67,66) (17,74,67) (16,71,65) (16,71,66) (17,72,67) (17,72,67) (16,71,68) (15,70,67) (15,70,67) (13,70,64) (17,72,67) (17,69,67) (20,72,70) (19,74,71) (14,71,65) (14,69,64) (18,70,66) (9,28,26) (0,3,2) (2,2,2) (3,0,0) (0,0,0)
(0,0,0) (0,1,2) (11,58,50) (16,66,63) (15,65,62) (18,68,65) (20,70,67) (19,71,67) (17,69,65) (16,68,66) (15,70,67) (18,73,70) (15,76,69) (17,69,65) (18,68,65) (16,71,66) (8,71,63) (16,76,68) (23,68,63) (8,38,38) (0,3,3) (0,1,0) (6,2,3) (1,0,0) (0,0,0)
(1,1,0) (0,3,4) (15,64,58) (17,72,69) (28,73,70) (21,70,67) (13,68,63) (10,69,63) (11,72,65) (13,72,66) (16,71,66) (17,67,64) (16,68,64) (20,70,67) (21,71,68) (15,75,67) (11,73,62) (13,63,54) (12,37,34) (0,0,5) (0,0,0) (3,1,2) (1,0,0) (1,0,0) (1,1,1)
(1,0,0) (0,0,2) (13,60,54) (15,70,67) (5,72,63) (10,73,65) (15,72,66) (20,70,67) (21,71,68) (20,72,68) (14,73,67) (13,74,67) (20,69,66) (19,69,66) (15,68,62) (22,69,63) (22,57,53) (3,23,21) (0,2,2) (1,0,0) (0,0,0) (0,0,0) (1,0,0) (0,0,0) (2,2,2)
(2,1,0) (0,0,0) (14,59,52) (21,73,69) (20,70,67) (20,70,67) (20,70,67) (19,69,66) (18,68,65) (19,69,66) (18,70,66) (18,70,66) (19,71,67) (18,73,68) (11,60,56) (4,34,34) (0,3,8) (6,0,2) (6,2,1) (0,2,0) (0,1,0) (0,0,0) (3,3,3) (0,0,0) (0,0,0)
(0,0,2) (0,4,4) (22,58,54) (19,72,64) (18,70,68) (19,71,67) (16,71,66) (15,70,65) (18,71,65) (19,70,65) (17,66,62) (14,61,55) (19,40,35) (6,22,19) (0,6,5) (0,0,2) (2,0,1) (3,0,0) (1,0,0) (0,0,0) (0,0,0) (0,0,0) (0,0,0) (0,0,0) (0,0,0)
(2,0,1) (0,2,5) (18,40,38) (14,50,46) (12,53,49) (11,50,47) (9,45,41) (5,35,33) (5,26,27) (4,18,19) (1,9,12) (0,1,6) (0,4,3) (0,2,2) (0,0,2) (0,0,0) (3,1,2) (1,0,0) (0,0,0) (1,1,0) (0,0,0) (0,0,0) (0,0,0) (0,0,0) (0,0,0)
(5,1,2) (1,0,2) (0,5,5) (0,6,6) (3,0,4) (3,1,4) (2,2,4) (0,1,3) (1,2,4) (1,3,2) (0,2,1) (0,0,0) (1,0,2) (1,0,2) (2,0,3) (3,1,2) (2,0,1) (0,0,0) (0,0,0) (0,1,0) (0,0,0) (0,0,0) (0,0,0) (0,0,0) (0,0,0)
(3,0,0) (4,0,0) (1,0,0) (0,0,2) (3,0,0) (4,0,1) (2,1,0) (1,0,0) (1,0,0) (1,0,0) (3,0,0) (3,0,0) (7,1,5) (5,1,2) (1,0,0) (0,0,0) (0,0,0) (0,1,0) (1,1,1) (0,0,0) (0,0,0) (0,0,0) (0,0,0) (0,0,0) (0,0,0)

Process finished with exit code 0




C:\Users\Tinkle_GW\venv\Scripts\python.exe C:/Users/Tinkle_GW/Desktop/wm_rsh/get_clk_local.py
(800, 800, 3) (800, 800, 3) (800, 800)
(800, 800, 3) (800, 800, 3) (800, 800)
(0,0,0) (0,0,0) (0,0,0) (0,0,0) (0,0,0) (0,0,0) (0,0,0) (0,0,0) (0,0,0) (0,0,0) (0,0,0) (0,0,0) (0,0,0) (1,0,0) (0,0,0) (4,9,12) (7,33,30) (8,30,28) (6,31,28) (8,29,30) (7,31,31) (7,32,29) (9,30,31) (4,14,15) (0,0,2)
(0,0,0) (0,0,0) (0,0,0) (0,0,0) (0,0,0) (0,0,0) (0,0,0) (0,0,0) (0,0,0) (0,0,0) (0,0,0) (0,0,0) (0,2,1) (5,1,2) (0,1,0) (10,25,28) (15,70,64) (17,72,66) (19,71,69) (17,72,67) (16,71,66) (19,71,69) (20,71,64) (7,37,39) (0,0,0)
(0,0,0) (0,0,0) (0,0,0) (0,0,0) (0,0,0) (0,0,0) (0,0,0) (0,0,0) (0,0,0) (0,0,0) (0,0,0) (0,0,0) (0,0,0) (1,0,0) (1,0,2) (6,26,27) (17,72,66) (17,72,67) (18,70,66) (18,70,66) (19,71,67) (17,72,69) (19,71,67) (7,35,36) (0,0,0)
(0,0,0) (0,0,0) (0,0,0) (0,0,0) (0,0,0) (0,0,0) (0,0,0) (0,0,0) (0,0,0) (0,0,0) (0,0,0) (0,0,0) (0,1,0) (4,0,3) (0,2,0) (9,27,29) (14,71,64) (17,72,66) (17,72,69) (19,72,66) (16,71,65) (20,70,69) (16,73,66) (10,36,37) (0,1,0)
(0,0,0) (0,0,0) (0,0,0) (0,0,0) (0,0,0) (0,0,0) (0,0,0) (0,0,0) (0,0,0) (0,0,0) (0,0,0) (0,0,0) (0,0,0) (3,0,0) (0,0,2) (9,24,27) (18,71,65) (19,71,67) (15,70,65) (18,70,66) (16,71,66) (17,72,69) (19,72,66) (6,36,36) (1,0,0)
(0,0,0) (0,0,0) (0,0,0) (0,0,0) (0,0,0) (0,0,0) (0,0,0) (0,0,0) (0,0,0) (0,0,0) (0,0,0) (0,0,0) (0,1,0) (4,0,1) (0,1,0) (8,26,28) (15,70,64) (15,70,65) (15,70,67) (15,70,65) (16,71,66) (17,72,69) (18,70,66) (7,35,36) (0,0,0)
(0,0,0) (0,0,0) (0,0,0) (0,0,0) (0,0,0) (0,0,0) (0,0,0) (0,0,0) (0,0,0) (0,0,0) (0,0,0) (0,0,0) (0,0,0) (1,0,0) (0,0,0) (8,26,26) (15,70,64) (18,70,66) (18,70,66) (17,70,64) (19,70,65) (18,70,68) (16,71,65) (9,35,34) (0,0,0)
(0,0,0) (0,0,0) (0,0,0) (0,0,0) (0,0,0) (0,0,0) (0,0,0) (0,0,0) (0,0,0) (0,0,0) (0,0,0) (0,0,0) (0,0,0) (1,1,1) (0,0,0) (8,26,28) (16,71,66) (17,72,66) (18,70,66) (18,70,66) (18,70,66) (18,70,68) (19,72,66) (9,35,34) (0,0,0)
(0,0,0) (0,0,0) (0,0,0) (0,0,0) (0,0,0) (0,0,0) (0,0,0) (0,0,0) (0,0,0) (0,0,0) (0,0,0) (0,0,0) (0,0,0) (1,0,0) (1,0,0) (6,26,27) (16,71,66) (15,72,65) (18,70,66) (18,70,66) (18,70,66) (19,71,69) (18,71,65) (8,37,35) (1,0,0)
(0,0,0) (0,0,0) (0,0,0) (0,0,0) (0,0,0) (0,0,0) (0,0,0) (0,0,0) (0,0,0) (0,0,0) (0,0,0) (0,0,0) (0,1,0) (1,1,1) (0,0,0) (8,26,28) (15,70,65) (17,72,66) (18,70,66) (18,70,66) (16,71,66) (18,70,68) (19,72,66) (9,35,34) (0,0,0)
(0,0,0) (0,0,0) (0,0,0) (0,0,0) (0,0,0) (0,0,0) (0,0,0) (0,0,0) (0,0,0) (0,0,0) (0,0,0) (0,0,0) (1,0,0) (1,0,0) (1,0,0) (7,25,27) (16,71,66) (15,72,65) (18,70,66) (16,71,66) (17,72,67) (18,70,68) (19,72,66) (6,35,33) (1,0,0)
(0,0,0) (0,0,0) (0,0,0) (0,0,0) (0,0,0) (0,0,0) (0,0,0) (0,0,0) (0,0,0) (0,0,0) (0,0,0) (0,0,0) (0,1,0) (1,0,0) (0,1,0) (8,26,28) (15,72,66) (18,71,65) (18,70,66) (18,70,66) (16,71,66) (18,70,68) (17,72,66) (10,36,35) (0,0,0)
(0,0,0) (0,0,0) (0,0,0) (0,0,0) (0,0,0) (0,0,0) (0,0,0) (0,0,0) (0,0,0) (0,0,0) (0,0,0) (0,0,0) (1,0,0) (2,0,1) (0,0,0) (8,26,28) (16,71,66) (17,72,66) (15,70,65) (16,71,66) (16,71,66) (17,72,69) (18,71,65) (8,37,35) (0,0,0)
(0,0,0) (0,0,0) (0,0,0) (0,0,0) (0,0,0) (0,0,0) (0,0,0) (0,0,0) (0,0,0) (0,0,0) (0,0,0) (0,0,0) (0,0,0) (1,0,0) (0,1,0) (7,25,27) (15,72,66) (18,71,65) (18,70,66) (18,70,66) (17,72,67) (18,70,68) (16,71,65) (7,36,34) (0,0,0)
(0,0,0) (0,0,0) (0,0,0) (0,0,0) (0,0,0) (0,0,0) (0,0,0) (0,0,0) (0,0,0) (0,0,0) (0,0,0) (0,0,0) (0,0,0) (2,0,1) (0,1,0) (8,26,28) (14,71,65) (19,72,66) (16,71,66) (18,70,66) (16,71,66) (16,71,68) (17,72,66) (7,36,34) (0,0,0)
(0,0,0) (0,0,0) (0,0,0) (0,0,0) (0,0,0) (0,0,0) (0,0,0) (0,0,0) (0,0,0) (0,0,0) (0,0,0) (0,0,0) (0,0,0) (1,0,0) (0,1,0) (8,26,28) (15,72,66) (16,71,65) (18,70,66) (18,70,66) (16,71,66) (19,71,69) (16,71,65) (7,36,34) (0,0,0)
(0,0,0) (0,0,0) (0,0,0) (0,0,0) (0,0,0) (0,0,0) (0,0,0) (0,0,0) (0,0,0) (0,0,0) (0,0,0) (0,0,0) (0,0,0) (1,1,1) (0,0,0) (8,28,29) (15,70,65) (17,72,66) (17,69,65) (18,70,66) (19,71,67) (18,70,68) (20,71,66) (6,35,33) (0,0,0)
(0,0,0) (0,0,0) (0,0,0) (0,0,0) (0,0,0) (0,0,0) (0,0,0) (0,0,0) (0,0,0) (0,0,0) (0,0,0) (0,0,0) (0,0,0) (1,0,0) (0,1,0) (7,25,27) (15,72,66) (16,71,65) (18,70,66) (17,69,65) (18,70,66) (19,71,69) (18,71,65) (7,36,34) (0,0,0)
(0,0,0) (0,0,0) (0,0,0) (0,0,0) (0,0,0) (0,0,0) (0,0,0) (0,0,0) (0,0,0) (0,0,0) (0,0,0) (0,0,0) (0,0,0) (0,0,0) (0,0,0) (7,27,28) (16,71,66) (19,72,66) (16,71,66) (18,70,66) (17,72,67) (16,71,68) (19,72,66) (6,35,33) (0,1,0)
(0,0,0) (0,0,0) (0,0,0) (0,0,0) (0,0,0) (0,0,0) (0,0,0) (0,0,0) (0,0,0) (0,0,0) (0,0,0) (0,0,0) (0,0,0) (2,0,1) (0,1,0) (9,27,29) (14,69,64) (17,72,66) (18,68,65) (18,70,66) (18,70,66) (20,70,69) (18,71,65) (9,35,34) (0,0,0)
(0,0,0) (0,0,0) (0,0,0) (0,0,0) (0,0,0) (0,0,0) (0,0,0) (0,0,0) (0,0,0) (0,0,0) (0,0,0) (0,0,0) (0,0,0) (1,1,1) (0,0,0) (8,26,28) (15,72,66) (19,72,66) (18,70,66) (19,69,66) (18,70,66) (17,72,69) (19,70,65) (7,36,34) (0,0,0)
(0,0,0) (0,0,0) (0,0,0) (0,0,0) (0,0,0) (0,0,0) (0,0,0) (0,0,0) (0,0,0) (0,0,0) (0,0,0) (0,0,0) (0,0,0) (1,0,0) (0,0,0) (7,27,28) (16,71,66) (17,72,66) (18,70,66) (17,69,65) (16,71,66) (16,71,68) (19,72,66) (7,36,34) (1,0,0)
(0,0,0) (0,0,0) (0,0,0) (0,0,0) (0,0,0) (0,0,0) (0,0,0) (0,0,0) (0,0,0) (0,0,0) (0,0,0) (0,0,0) (0,0,0) (1,0,0) (0,0,0) (8,26,28) (15,72,66) (16,71,65) (18,70,66) (18,70,66) (18,70,66) (18,70,68) (19,72,66) (9,35,34) (0,0,0)
(0,0,0) (0,0,0) (0,0,0) (0,0,0) (0,0,0) (0,0,0) (0,0,0) (0,0,0) (0,0,0) (0,0,0) (0,0,0) (0,0,0) (0,0,0) (1,0,0) (0,0,0) (8,26,28) (16,71,66) (17,72,66) (16,71,66) (18,70,66) (18,70,66) (16,71,68) (19,72,66) (7,36,34) (0,0,0)
(0,0,0) (0,0,0) (0,0,0) (0,0,0) (0,0,0) (0,0,0) (0,0,0) (0,0,0) (0,0,0) (0,0,0) (0,0,0) (0,0,0) (0,0,0) (1,0,0) (0,0,0) (7,25,27) (17,72,67) (16,71,65) (18,70,66) (18,70,66) (19,71,67) (16,71,68) (20,71,66) (6,36,34) (1,0,0)
(0,0,0) (0,0,0) (0,0,0) (0,0,0) (0,0,0) (0,0,0) (0,0,0) (0,0,0) (0,0,0) (0,0,0) (0,0,0) (0,0,0) (0,0,0) (2,0,1) (0,0,0) (8,26,28) (15,70,65) (19,72,66) (16,71,66) (18,70,66) (18,70,66) (18,70,68) (16,71,65) (9,35,34) (0,1,0)
(0,0,0) (0,0,0) (0,0,0) (0,0,0) (0,0,0) (0,0,0) (0,0,0) (0,0,0) (0,0,0) (0,0,0) (0,0,0) (0,0,0) (0,0,0) (1,0,0) (0,0,0) (6,26,27) (18,70,66) (16,71,65) (18,70,66) (18,70,66) (18,70,66) (16,71,68) (20,71,66) (6,36,34) (0,0,0)
(0,0,0) (0,0,0) (0,0,0) (0,0,0) (0,0,0) (0,0,0) (0,0,0) (0,0,0) (0,0,0) (0,0,0) (0,0,0) (0,0,0) (0,0,0) (2,0,1) (0,0,0) (8,26,28) (15,72,66) (18,71,65) (16,71,66) (19,69,66) (18,70,66) (19,71,69) (16,71,65) (9,35,34) (0,1,0)
(0,0,0) (0,0,0) (0,0,0) (0,0,0) (0,0,0) (0,0,0) (0,0,0) (0,0,0) (0,0,0) (0,0,0) (0,0,0) (0,0,0) (0,0,0) (1,0,0) (0,0,0) (8,26,28) (18,70,66) (17,72,66) (17,69,65) (18,70,66) (18,70,66) (16,71,68) (19,72,66) (7,36,34) (0,1,0)
(0,0,0) (0,0,0) (0,0,0) (0,0,0) (0,0,0) (0,0,0) (0,0,0) (0,0,0) (0,0,0) (0,0,0) (0,0,0) (0,0,0) (0,0,0) (2,0,1) (0,0,0) (8,26,28) (16,71,66) (18,71,65) (16,71,66) (18,70,66) (18,70,66) (18,70,68) (18,71,65) (10,36,35) (0,1,0)
(0,0,0) (0,0,0) (0,0,0) (0,0,0) (0,0,0) (0,0,0) (0,0,0) (0,0,0) (0,0,0) (0,0,0) (0,0,0) (0,0,0) (0,0,0) (2,0,1) (0,0,0) (8,26,28) (16,71,66) (17,72,66) (16,71,66) (18,70,66) (18,70,66) (19,71,69) (19,72,66) (9,35,34) (0,1,0)
(0,0,0) (0,0,0) (0,0,0) (0,0,0) (0,0,0) (0,0,0) (0,0,0) (0,0,0) (0,0,0) (0,0,0) (0,0,0) (0,0,0) (1,0,2) (0,0,0) (0,0,2) (10,28,28) (14,71,64) (16,71,65) (18,70,66) (18,70,66) (17,72,67) (18,70,68) (17,72,66) (8,34,33) (0,0,0)
(0,0,0) (0,0,0) (0,0,0) (0,0,0) (0,0,0) (0,0,0) (0,0,0) (0,0,0) (0,0,0) (0,0,0) (0,0,0) (0,0,0) (1,0,0) (0,2,1) (1,0,2) (10,35,32) (14,69,64) (15,72,65) (19,71,67) (18,70,66) (19,71,67) (18,70,68) (20,72,68) (8,32,32) (1,0,0)
(0,0,0) (0,0,0) (0,0,0) (0,0,0) (0,0,0) (0,0,0) (0,0,0) (0,0,0) (0,0,0) (0,0,0) (0,0,0) (0,0,0) (0,0,0) (0,0,4) (0,1,0) (10,36,35) (17,69,65) (17,72,67) (18,71,65) (18,70,66) (16,71,66) (19,69,68) (17,72,67) (8,28,29) (0,0,0)
(0,0,0) (0,0,0) (0,0,0) (0,0,0) (0,0,0) (0,0,0) (0,0,0) (0,0,0) (0,0,0) (0,0,0) (0,0,0) (0,0,0) (3,0,0) (0,0,0) (1,0,0) (12,47,43) (17,69,67) (17,72,66) (15,70,65) (16,71,66) (20,72,68) (18,70,68) (21,71,68) (4,22,24) (0,1,0)
(0,0,0) (0,0,0) (0,0,0) (0,0,0) (0,0,0) (0,0,0) (0,0,0) (0,0,0) (0,0,0) (0,0,0) (0,0,0) (0,0,0) (0,1,0) (3,0,0) (0,1,0) (16,56,56) (12,71,65) (18,71,65) (15,70,65) (16,71,66) (16,71,65) (21,71,72) (14,70,61) (5,14,19) (0,1,0)
(0,0,0) (0,0,0) (0,0,0) (0,0,0) (0,0,0) (0,0,0) (0,0,0) (0,0,0) (0,0,0) (0,0,0) (0,0,0) (0,0,0) (0,1,0) (2,0,3) (2,8,6) (19,70,71) (15,71,62) (19,71,67) (17,70,64) (16,68,66) (16,71,66) (18,70,66) (17,67,64) (2,4,3) (0,1,0)
(0,0,0) (0,0,0) (0,0,0) (0,0,0) (0,0,0) (0,0,0) (0,0,0) (0,0,0) (0,0,0) (0,0,0) (0,0,0) (0,0,0) (1,0,0) (1,0,2) (9,41,38) (24,70,70) (13,73,65) (18,71,65) (14,71,65) (17,69,65) (17,72,67) (19,69,68) (13,54,48) (4,0,2) (0,2,0)
(0,0,0) (0,0,0) (0,0,0) (0,0,0) (0,0,0) (0,0,0) (0,0,0) (0,0,0) (0,0,0) (0,0,0) (0,0,0) (0,0,0) (0,0,0) (7,27,26) (17,70,64) (18,73,68) (18,70,66) (16,73,67) (19,69,66) (18,68,65) (17,72,67) (16,71,66) (9,33,33) (1,0,0) (0,0,0)
(0,0,0) (0,0,0) (1,0,0) (0,1,0) (0,0,0) (3,0,0) (0,1,0) (3,0,0) (0,0,0) (1,0,0) (1,0,0) (2,4,3) (7,36,34) (19,69,66) (16,71,65) (20,70,71) (15,71,62) (19,69,70) (16,71,65) (15,70,64) (19,71,67) (17,69,67) (4,10,6) (3,0,2) (0,1,0)
(0,0,0) (0,0,0) (0,0,2) (0,0,0) (0,0,0) (2,0,1) (1,0,0) (0,1,0) (0,1,0) (3,9,9) (7,31,31) (16,61,58) (19,69,66) (17,69,65) (18,70,68) (16,71,65) (17,72,67) (17,69,65) (18,70,66) (17,69,65) (17,72,67) (9,45,41) (0,1,0) (1,0,0) (0,0,0)
(1,0,0) (0,0,0) (5,17,17) (3,22,20) (6,25,21) (10,28,28) (6,35,33) (16,46,46) (10,59,55) (20,70,67) (17,72,67) (20,70,67) (18,70,66) (19,69,68) (14,71,65) (20,70,67) (15,70,65) (20,70,67) (18,70,68) (17,72,67) (16,69,63) (8,9,13) (0,0,0) (0,0,4) (0,0,0)
(1,1,1) (0,1,0) (16,61,58) (19,71,67) (19,71,69) (19,71,67) (20,70,67) (18,73,68) (14,71,65) (19,71,67) (16,71,66) (17,72,67) (20,71,66) (18,71,65) (19,71,67) (16,71,65) (19,69,66) (19,71,67) (18,70,66) (17,69,65) (8,26,28) (0,1,0) (1,0,2) (0,0,0) (1,0,2)
(0,1,0) (0,1,0) (14,58,57) (19,71,69) (16,71,65) (20,70,67) (12,71,67) (19,69,66) (15,72,65) (16,71,66) (19,71,67) (16,73,67) (15,70,64) (21,71,70) (14,69,64) (18,73,68) (16,71,65) (19,71,67) (17,72,67) (10,39,37) (0,1,3) (2,0,1) (0,0,0) (0,2,1) (1,0,0)
(0,0,0) (0,0,0) (15,60,57) (19,71,67) (16,71,66) (18,70,66) (16,71,66) (21,71,68) (15,72,66) (17,72,66) (17,70,64) (18,70,66) (16,71,66) (18,70,68) (16,71,66) (18,70,68) (17,72,67) (11,70,66) (5,34,30) (1,0,0) (1,0,0) (1,0,0) (0,1,0) (1,0,0) (0,1,0)
(0,0,0) (0,1,0) (17,59,55) (16,71,65) (19,69,66) (18,68,65) (18,70,66) (19,69,66) (18,70,68) (14,70,67) (20,70,69) (18,70,66) (15,70,67) (19,71,67) (18,71,65) (19,69,66) (15,60,57) (4,20,19) (0,0,0) (1,0,0) (1,0,0) (0,1,0) (0,1,0) (0,0,0) (0,0,0)
(0,1,0) (1,0,2) (14,60,57) (17,72,69) (18,70,66) (15,72,66) (19,69,66) (15,70,65) (19,70,65) (18,71,65) (17,69,65) (17,72,67) (19,70,65) (19,69,68) (11,60,56) (8,32,32) (0,4,0) (0,0,0) (1,0,0) (1,0,0) (0,0,2) (0,0,0) (0,0,0) (1,0,0) (1,1,1)
(0,0,0) (0,1,0) (13,59,56) (18,73,68) (20,72,68) (20,72,70) (17,72,67) (18,73,68) (14,71,65) (19,71,67) (19,69,66) (12,61,58) (12,43,38) (6,20,20) (1,2,4) (1,0,0) (0,1,0) (0,0,0) (0,0,0) (0,0,0) (0,0,0) (0,0,0) (0,0,0) (0,0,0) (0,0,0)
(0,0,0) (0,0,0) (11,46,42) (12,55,48) (13,52,51) (14,50,48) (11,45,44) (8,37,33) (6,31,28) (4,19,16) (3,9,9) (0,0,0) (1,1,3) (0,0,2) (1,0,0) (0,2,1) (1,0,0) (1,0,0) (1,0,0) (0,1,0) (0,0,0) (0,0,0) (0,0,0) (0,0,0) (0,0,0)
(0,0,0) (0,1,0) (1,0,2) (0,1,3) (0,1,0) (1,1,1) (0,0,0) (1,0,2) (0,0,0) (1,0,0) (0,0,0) (1,0,0) (0,1,0) (0,0,0) (0,1,0) (3,0,0) (0,1,0) (0,1,0) (0,1,3) (2,0,1) (0,0,0) (0,0,0) (0,0,0) (0,0,0) (0,0,0)
(0,0,0) (0,0,0) (1,0,0) (0,0,0) (2,0,3) (1,0,0) (0,0,2) (0,0,0) (0,0,2) (0,0,0) (0,0,0) (1,0,0) (3,0,0) (0,0,0) (1,0,0) (0,1,0) (1,0,0) (0,0,0) (0,0,0) (1,0,0) (0,0,0) (0,0,0) (0,0,0) (0,0,0) (0,0,0)

Process finished with exit code 0
